0.000000 0.968734 0.120673 -0.000110 0.000000
0.000000 0.968734 0.120673 -0.000111 0.000000
0.000000 0.968734 0.120673 -0.000113 0.000000
0.000000 0.968734 0.120673 -0.000118 0.000000
0.000000 0.968734 0.120673 -0.000125 0.000000
0.000000 0.968734 0.120674 -0.000138 0.000000
0.000000 0.968734 0.120675 -0.000162 0.000000
0.000000 0.968733 0.120676 -0.000206 0.000000
0.000000 0.968732 0.120680 -0.000283 0.000000
0.000000 0.968729 0.120688 -0.000423 0.000000
0.000000 0.968723 0.120709 -0.000675 0.000000
0.000000 0.968707 0.120765 -0.001128 0.000000
0.000000 0.968661 0.120925 -0.001942 0.000000
0.000000 0.968524 0.121408 -0.003403 0.000000
0.000000 0.968228 0.122451 -0.005360 0.000000
0.000000 0.967887 0.123651 -0.006969 0.000000
0.000000 0.967558 0.124801 -0.008222 0.000000
0.000000 0.967099 0.126397 -0.009694 0.000000
0.000000 0.966566 0.128233 -0.011148 0.000000
0.000000 0.965911 0.130466 -0.012690 0.000000
0.000000 0.965159 0.132998 -0.014233 0.000000
0.000000 0.964339 0.135728 -0.015722 0.000000
0.000000 0.963432 0.138701 -0.017191 0.000000
0.000000 0.962415 0.141987 -0.018675 0.000000
0.000000 0.961293 0.145550 -0.020154 0.000000
0.000000 0.960079 0.149339 -0.021608 0.000000
0.000000 0.958765 0.153366 -0.023046 0.000000
0.000000 0.957337 0.157659 -0.024477 0.000000
0.000000 0.955794 0.162205 -0.025898 0.000000
0.000000 0.954139 0.166979 -0.027301 0.000000
0.000000 0.952368 0.171979 -0.028688 0.000000
0.000000 0.950474 0.177214 -0.030062 0.000000
0.000000 0.948451 0.182677 -0.031421 0.000000
0.000000 0.946300 0.188353 -0.032762 0.000000
0.000000 0.944018 0.194238 -0.034086 0.000000
0.000000 0.941598 0.200330 -0.035393 0.000000
0.000000 0.939038 0.206624 -0.036681 0.000000
0.000000 0.936334 0.213110 -0.037951 0.000000
0.000000 0.933484 0.219781 -0.039202 0.000000
0.000000 0.930483 0.226632 -0.040432 0.000000
0.000000 0.927329 0.233656 -0.041643 0.000000
0.000000 0.924019 0.240846 -0.042833 0.000000
0.000000 0.920551 0.248195 -0.044001 0.000000
0.000000 0.916921 0.255695 -0.045148 0.000000
0.000000 0.913126 0.263339 -0.046273 0.000000
0.000000 0.909166 0.271120 -0.047376 0.000000
0.000000 0.905037 0.279031 -0.048457 0.000000
0.000000 0.900738 0.287064 -0.049515 0.000000
0.000000 0.896267 0.295211 -0.050551 0.000000
0.000000 0.891622 0.303466 -0.051564 0.000000
0.000000 0.886802 0.311821 -0.052555 0.000000
0.000000 0.881806 0.320268 -0.053524 0.000000
0.000000 0.876632 0.328800 -0.054471 0.000000
0.000000 0.871280 0.337411 -0.055396 0.000000
0.000000 0.865749 0.346092 -0.056299 0.000000
0.000000 0.860038 0.354837 -0.057182 0.000000
0.000000 0.854147 0.363639 -0.058045 0.000000
0.000000 0.848075 0.372492 -0.058888 0.000000
0.000000 0.841821 0.381387 -0.059712 0.000000
0.000000 0.835386 0.390320 -0.060517 0.000000
0.000000 0.828770 0.399282 -0.061305 0.000000
0.000000 0.821971 0.408269 -0.062077 0.000000
0.000000 0.814990 0.417273 -0.062833 0.000000
0.000000 0.807827 0.426288 -0.063575 0.000000
0.000000 0.800481 0.435309 -0.064303 0.000000
0.000000 0.792953 0.444330 -0.065019 0.000000
0.000000 0.785241 0.453345 -0.065724 0.000000
0.000000 0.777347 0.462347 -0.066419 0.000000
0.000000 0.769269 0.471332 -0.067105 0.000000
0.000000 0.761007 0.480294 -0.067784 0.000000
0.000000 0.752562 0.489227 -0.068458 0.000000
0.000000 0.743931 0.498127 -0.069127 0.000000
0.000000 0.735115 0.506987 -0.069792 0.000000
0.000000 0.726113 0.515803 -0.070457 0.000000
0.000000 0.716924 0.524569 -0.071121 0.000000
0.000000 0.707547 0.533280 -0.071787 0.000000
0.000000 0.697981 0.541931 -0.072456 0.000000
0.000000 0.688224 0.550516 -0.073131 0.000000
0.000000 0.678274 0.559031 -0.073811 0.000000
0.000000 0.668131 0.567469 -0.074500 0.000000
0.000000 0.657791 0.575826 -0.075199 0.000000
0.000000 0.647254 0.584095 -0.075910 0.000000
0.000000 0.636516 0.592271 -0.076635 0.000000
0.000000 0.625574 0.600349 -0.077375 0.000000
0.000000 0.614427 0.608321 -0.078132 0.000000
0.000000 0.603071 0.616182 -0.078908 0.000000
0.000000 0.591503 0.623926 -0.079705 0.000000
0.000000 0.579720 0.631545 -0.080525 0.000000
0.000000 0.567717 0.639032 -0.081370 0.000000
0.000000 0.555493 0.646379 -0.082241 0.000000
0.000000 0.543041 0.653580 -0.083141 0.000000
0.000000 0.530360 0.660626 -0.084071 0.000000
0.000000 0.517444 0.667507 -0.085033 0.000000
0.000000 0.504290 0.674215 -0.086029 0.000000
0.000000 0.490894 0.680740 -0.087061 0.000000
0.000000 0.477251 0.687072 -0.088130 0.000000
0.000000 0.463358 0.693200 -0.089238 0.000000
0.000000 0.449210 0.699112 -0.090386 0.000000
0.000000 0.434805 0.704797 -0.091575 0.000000
0.000000 0.420139 0.710243 -0.092807 0.000000
0.000000 0.405209 0.715435 -0.094083 0.000000
0.000000 0.390012 0.720360 -0.095402 0.000000
0.000000 0.374547 0.725005 -0.096766 0.000000
0.000000 0.358810 0.729353 -0.098175 0.000000
0.000000 0.342803 0.733391 -0.099629 0.000000
0.000000 0.326524 0.737102 -0.101127 0.000000
0.000000 0.309975 0.740470 -0.102668 0.000000
0.000000 0.293156 0.743480 -0.104251 0.000000
0.000000 0.276071 0.746115 -0.105875 0.000000
0.000000 0.258722 0.748359 -0.107537 0.000000
0.000000 0.241115 0.750195 -0.109236 0.000000
0.000000 0.223255 0.751608 -0.110968 0.000000
0.000000 0.205148 0.752584 -0.112731 0.000000
0.000000 0.186803 0.753106 -0.114522 0.000000
0.000000 0.168228 0.753161 -0.116336 0.000000
0.000000 0.149434 0.752736 -0.118169 0.000000
0.000000 0.130429 0.751819 -0.120018 0.000000
0.000000 0.111228 0.750399 -0.121879 0.000000
0.000000 0.091840 0.748465 -0.123746 0.000000
0.000000 0.072280 0.746010 -0.125616 0.000000
0.000000 0.052561 0.743025 -0.127485 0.000000
0.000000 0.032696 0.739505 -0.129347 0.000000
0.000000 0.012699 0.735445 -0.131200 0.000000
0.000000 -0.007414 0.730841 -0.133038 0.000000
0.000000 -0.027631 0.725691 -0.134858 0.000000
0.000000 -0.047935 0.719993 -0.136657 0.000000
0.000000 -0.068314 0.713748 -0.138430 0.000000
0.000000 -0.088752 0.706956 -0.140175 0.000000
0.000000 -0.109235 0.699617 -0.141889 0.000000
0.000000 -0.129749 0.691736 -0.143569 0.000000
0.000000 -0.150280 0.683313 -0.145213 0.000000
0.000000 -0.170813 0.674353 -0.146819 0.000000
0.000000 -0.191333 0.664859 -0.148384 0.000000
0.000000 -0.211827 0.654835 -0.149906 0.000000
0.000000 -0.232280 0.644285 -0.151385 0.000000
0.000000 -0.252676 0.633215 -0.152818 0.000000
0.000000 -0.272999 0.621627 -0.154204 0.000000
0.000000 -0.293234 0.609529 -0.155542 0.000000
0.000000 -0.313364 0.596923 -0.156830 0.000000
0.000000 -0.333372 0.583817 -0.158066 0.000000
0.000000 -0.353238 0.570214 -0.159251 0.000000
0.000000 -0.372945 0.556122 -0.160380 0.000000
0.000000 -0.392473 0.541548 -0.161454 0.000000
0.000000 -0.411801 0.526497 -0.162470 0.000000
0.000000 -0.430908 0.510978 -0.163426 0.000000
0.000000 -0.449775 0.495001 -0.164319 0.000000
0.000000 -0.468381 0.478575 -0.165147 0.000000
0.000000 -0.486704 0.461710 -0.165907 0.000000
0.000000 -0.504725 0.444420 -0.166596 0.000000
0.000000 -0.522425 0.426718 -0.167210 0.000000
0.000000 -0.539787 0.408616 -0.167747 0.000000
0.000000 -0.556795 0.390131 -0.168203 0.000000
0.000000 -0.573434 0.371276 -0.168575 0.000000
0.000000 -0.589692 0.352068 -0.168860 0.000000
0.000000 -0.605559 0.332522 -0.169054 0.000000
0.000000 -0.621025 0.312653 -0.169155 0.000000
0.000000 -0.636082 0.292475 -0.169159 0.000000
0.000000 -0.650725 0.272002 -0.169063 0.000000
0.000000 -0.664947 0.251248 -0.168865 0.000000
0.000000 -0.678745 0.230224 -0.168562 0.000000
0.000000 -0.692112 0.208944 -0.168150 0.000000
0.000000 -0.705043 0.187418 -0.167628 0.000000
0.000000 -0.717532 0.165657 -0.166990 0.000000
0.000000 -0.729572 0.143674 -0.166234 0.000000
0.000000 -0.741154 0.121479 -0.165357 0.000000
0.000000 -0.752269 0.099088 -0.164354 0.000000
0.000000 -0.762905 0.076513 -0.163222 0.000000
0.000000 -0.773049 0.053772 -0.161956 0.000000
0.000000 -0.782687 0.030882 -0.160551 0.000000
0.000000 -0.791801 0.007864 -0.159003 0.000000
0.000000 -0.800375 -0.015257 -0.157308 0.000000
0.000000 -0.808389 -0.038455 -0.155461 0.000000
0.000000 -0.815825 -0.061701 -0.153457 0.000000
0.000000 -0.822660 -0.084959 -0.151291 0.000000
0.000000 -0.828875 -0.108194 -0.148960 0.000000
0.000000 -0.834447 -0.131365 -0.146457 0.000000
0.000000 -0.839354 -0.154426 -0.143780 0.000000
0.000000 -0.843574 -0.177329 -0.140923 0.000000
0.000000 -0.847086 -0.200021 -0.137882 0.000000
0.000000 -0.849869 -0.222443 -0.134654 0.000000
0.000000 -0.851904 -0.244533 -0.131234 0.000000
0.000000 -0.853171 -0.266222 -0.127619 0.000000
0.000000 -0.853657 -0.287436 -0.123807 0.000000
0.000000 -0.853351 -0.308097 -0.119797 0.000000
0.000000 -0.852247 -0.328119 -0.115590 0.000000
0.000000 -0.850347 -0.347414 -0.111187 0.000000
0.000000 -0.847662 -0.365887 -0.106596 0.000000
0.000000 -0.844212 -0.383445 -0.101824 0.000000
0.000000 -0.840028 -0.399992 -0.096885 0.000000
0.000000 -0.835154 -0.415438 -0.091795 0.000000
0.000000 -0.829645 -0.429699 -0.086575 0.000000
0.000000 -0.823566 -0.442698 -0.081248 0.000000
0.000000 -0.816992 -0.454374 -0.075840 0.000000
0.000000 -0.810004 -0.464676 -0.070378 0.000000
0.000000 -0.802684 -0.473572 -0.064890 0.000000
0.000000 -0.795118 -0.481041 -0.059403 0.000000
0.000000 -0.787387 -0.487080 -0.053942 0.000000
0.000000 -0.779570 -0.491698 -0.048530 0.000000
0.000000 -0.771738 -0.494915 -0.043188 0.000000
0.000000 -0.763957 -0.496762 -0.037934 0.000000
0.000000 -0.756283 -0.497277 -0.032782 0.000000
0.000000 -0.748767 -0.496505 -0.027745 0.000000
0.000000 -0.741450 -0.494494 -0.022832 0.000000
0.000000 -0.734366 -0.491297 -0.018051 0.000000
0.000000 -0.727546 -0.486969 -0.013408 0.000000
0.000000 -0.721011 -0.481568 -0.008905 0.000000
0.000000 -0.714781 -0.475154 -0.004546 0.000000
0.000000 -0.708869 -0.467786 -0.000330 0.000000
0.000000 -0.703286 -0.459526 0.003741 0.000000
0.000000 -0.698037 -0.450437 0.007668 0.000000
0.000000 -0.693128 -0.440580 0.011453 0.000000
0.000000 -0.688558 -0.430020 0.015095 0.000000
0.000000 -0.684325 -0.418819 0.018597 0.000000
0.000000 -0.680424 -0.407039 0.021959 0.000000
0.000000 -0.676847 -0.394741 0.025182 0.000000
0.000000 -0.673586 -0.381986 0.028265 0.000000
0.000000 -0.670629 -0.368834 0.031210 0.000000
0.000000 -0.667967 -0.355347 0.034014 0.000000
0.000000 -0.665588 -0.341587 0.036676 0.000000
0.000000 -0.663482 -0.327616 0.039197 0.000000
0.000000 -0.661637 -0.313496 0.041574 0.000000
0.000000 -0.660043 -0.299289 0.043807 0.000000
0.000000 -0.658692 -0.285057 0.045897 0.000000
0.000000 -0.657575 -0.270860 0.047845 0.000000
0.000000 -0.656684 -0.256758 0.049652 0.000000
0.000000 -0.656013 -0.242810 0.051322 0.000000
0.000000 -0.655554 -0.229071 0.052859 0.000000
0.000000 -0.655300 -0.215593 0.054268 0.000000
0.000000 -0.655245 -0.202423 0.055555 0.000000
0.000000 -0.655384 -0.189601 0.056728 0.000000
0.000000 -0.655710 -0.177161 0.057794 0.000000
0.000000 -0.656220 -0.165128 0.058762 0.000000
0.000000 -0.656914 -0.153525 0.059639 0.000000
0.000000 -0.657791 -0.142368 0.060435 0.000000
0.000000 -0.658855 -0.131668 0.061156 0.000000
0.000000 -0.660112 -0.121433 0.061813 0.000000
0.000000 -0.661574 -0.111667 0.062412 0.000000
0.000000 -0.663255 -0.102372 0.062962 0.000000
0.000000 -0.665176 -0.093544 0.063472 0.000000
0.000000 -0.667366 -0.085179 0.063948 0.000000
0.000000 -0.669858 -0.077273 0.064399 0.000000
0.000000 -0.672690 -0.069816 0.064830 0.000000
0.000000 -0.675904 -0.062801 0.065247 0.000000
0.000000 -0.679546 -0.056215 0.065655 0.000000
0.000000 -0.683658 -0.050042 0.066058 0.000000
0.000000 -0.688282 -0.044266 0.066457 0.000000
0.000000 -0.693450 -0.038863 0.066855 0.000000
0.000000 -0.699192 -0.033805 0.067251 0.000000
0.000000 -0.705524 -0.029063 0.067648 0.000000
0.000000 -0.712452 -0.024600 0.068045 0.000000
0.000000 -0.719974 -0.020377 0.068444 0.000000
0.000000 -0.728075 -0.016351 0.068845 0.000000
0.000000 -0.736733 -0.012477 0.069249 0.000000
0.000000 -0.745918 -0.008706 0.069659 0.000000
0.000000 -0.755591 -0.004984 0.070077 0.000000
0.000000 -0.765712 -0.001254 0.070505 0.000000
0.000000 -0.776232 0.002547 0.070944 0.000000
0.000000 -0.787100 0.006486 0.071398 0.000000
0.000000 -0.798256 0.010636 0.071866 0.000000
0.000000 -0.809634 0.015074 0.072349 0.000000
0.000000 -0.821159 0.019878 0.072847 0.000000
0.000000 -0.832746 0.025125 0.073355 0.000000
0.000000 -0.844299 0.030889 0.073868 0.000000
0.000000 -0.855712 0.037235 0.074379 0.000000
0.000000 -0.866872 0.044219 0.074878 0.000000
0.000000 -0.877654 0.051882 0.075353 0.000000
0.000000 -0.887926 0.060249 0.075789 0.000000
0.000000 -0.897555 0.069326 0.076170 0.000000
0.000000 -0.906402 0.079095 0.076479 0.000000
0.000000 -0.914330 0.089521 0.076700 0.000000
0.000000 -0.921208 0.100543 0.076817 0.000000
0.000000 -0.926912 0.112082 0.076816 0.000000
0.000000 -0.931331 0.124038 0.076685 0.000000
0.000000 -0.934368 0.136295 0.076416 0.000000
0.000000 -0.935951 0.148721 0.076004 0.000000
0.000000 -0.936029 0.161177 0.075446 0.000000
0.000000 -0.934583 0.173519 0.074745 0.000000
0.000000 -0.931623 0.185605 0.073905 0.000000
0.000000 -0.927193 0.197299 0.072932 0.000000
0.000000 -0.921368 0.208476 0.071834 0.000000
0.000000 -0.914255 0.219026 0.070623 0.000000
0.000000 -0.905986 0.228863 0.069310 0.000000
0.000000 -0.896712 0.237924 0.067907 0.000000
0.000000 -0.886594 0.246173 0.066429 0.000000
0.000000 -0.875800 0.253602 0.064888 0.000000
0.000000 -0.864491 0.260222 0.063295 0.000000
0.000000 -0.852822 0.266065 0.061662 0.000000
0.000000 -0.840937 0.271178 0.059996 0.000000
0.000000 -0.828966 0.275617 0.058305 0.000000
0.000000 -0.817029 0.279444 0.056597 0.000000
0.000000 -0.805229 0.282726 0.054876 0.000000
0.000000 -0.793660 0.285530 0.053147 0.000000
0.000000 -0.782404 0.287925 0.051415 0.000000
0.000000 -0.771532 0.289975 0.049682 0.000000
0.000000 -0.761107 0.291745 0.047953 0.000000
0.000000 -0.751183 0.293294 0.046229 0.000000
0.000000 -0.741805 0.294679 0.044512 0.000000
0.000000 -0.733013 0.295954 0.042803 0.000000
0.000000 -0.724835 0.297165 0.041103 0.000000
0.000000 -0.717295 0.298358 0.039410 0.000000
0.000000 -0.710409 0.299573 0.037723 0.000000
0.000000 -0.704187 0.300847 0.036040 0.000000
0.000000 -0.698632 0.302213 0.034357 0.000000
0.000000 -0.693742 0.303700 0.032673 0.000000
0.000000 -0.689509 0.305335 0.030982 0.000000
0.000000 -0.685922 0.307142 0.029283 0.000000
0.000000 -0.682965 0.309141 0.027572 0.000000
0.000000 -0.680618 0.311351 0.025846 0.000000
0.000000 -0.678861 0.313785 0.024102 0.000000
0.000000 -0.677671 0.316456 0.022337 0.000000
0.000000 -0.677026 0.319372 0.020549 0.000000
0.000000 -0.676900 0.322538 0.018736 0.000000
0.000000 -0.677274 0.325955 0.016898 0.000000
0.000000 -0.678125 0.329619 0.015032 0.000000
0.000000 -0.679435 0.333523 0.013139 0.000000
0.000000 -0.681189 0.337653 0.011216 0.000000
0.000000 -0.683373 0.341994 0.009264 0.000000
0.000000 -0.685975 0.346522 0.007282 0.000000
0.000000 -0.688988 0.351211 0.005268 0.000000
0.000000 -0.692403 0.356027 0.003221 0.000000
0.000000 -0.696214 0.360934 0.001141 0.000000
0.000000 -0.700415 0.365888 -0.000974 0.000000
0.000000 -0.704997 0.370843 -0.003124 0.000000
0.000000 -0.709950 0.375744 -0.005310 0.000000
0.000000 -0.715261 0.380534 -0.007533 0.000000
0.000000 -0.720915 0.385151 -0.009792 0.000000
0.000000 -0.726890 0.389532 -0.012087 0.000000
0.000000 -0.733164 0.393610 -0.014418 0.000000
0.000000 -0.739708 0.397318 -0.016783 0.000000
0.000000 -0.746493 0.400592 -0.019183 0.000000
0.000000 -0.753489 0.403369 -0.021614 0.000000
0.000000 -0.760663 0.405590 -0.024075 0.000000
0.000000 -0.767984 0.407203 -0.026563 0.000000
0.000000 -0.775419 0.408160 -0.029075 0.000000
0.000000 -0.782940 0.408421 -0.031609 0.000000
0.000000 -0.790516 0.407955 -0.034159 0.000000
0.000000 -0.798120 0.406735 -0.036722 0.000000
0.000000 -0.805723 0.404744 -0.039293 0.000000
0.000000 -0.813299 0.401970 -0.041865 0.000000
0.000000 -0.820821 0.398407 -0.044433 0.000000
0.000000 -0.828262 0.394056 -0.046990 0.000000
0.000000 -0.835592 0.388921 -0.049526 0.000000
0.000000 -0.842785 0.383013 -0.052034 0.000000
0.000000 -0.849810 0.376344 -0.054505 0.000000
0.000000 -0.856637 0.368932 -0.056929 0.000000
0.000000 -0.863237 0.360796 -0.059297 0.000000
0.000000 -0.869581 0.351958 -0.061601 0.000000
0.000000 -0.875640 0.342443 -0.063831 0.000000
0.000000 -0.881388 0.332279 -0.065979 0.000000
0.000000 -0.886801 0.321497 -0.068039 0.000000
0.000000 -0.891855 0.310129 -0.070004 0.000000
0.000000 -0.896531 0.298209 -0.071868 0.000000
0.000000 -0.900810 0.285771 -0.073625 0.000000
0.000000 -0.904677 0.272853 -0.075272 0.000000
0.000000 -0.908117 0.259489 -0.076804 0.000000
0.000000 -0.911120 0.245715 -0.078217 0.000000
0.000000 -0.913677 0.231570 -0.079509 0.000000
0.000000 -0.915779 0.217090 -0.080673 0.000000
0.000000 -0.917425 0.202316 -0.081705 0.000000
0.000000 -0.918615 0.187290 -0.082600 0.000000
0.000000 -0.919354 0.172056 -0.083352 0.000000
0.000000 -0.919650 0.156663 -0.083955 0.000000
0.000000 -0.919518 0.141160 -0.084402 0.000000
0.000000 -0.918976 0.125600 -0.084688 0.000000
0.000000 -0.918045 0.110040 -0.084809 0.000000
0.000000 -0.916750 0.094533 -0.084762 0.000000
0.000000 -0.915120 0.079133 -0.084544 0.000000
0.000000 -0.913183 0.063890 -0.084156 0.000000
0.000000 -0.910974 0.048850 -0.083597 0.000000
0.000000 -0.908525 0.034054 -0.082871 0.000000
0.000000 -0.905875 0.019537 -0.081980 0.000000
0.000000 -0.903059 0.005329 -0.080929 0.000000
0.000000 -0.900114 -0.008551 -0.079724 0.000000
0.000000 -0.897077 -0.022088 -0.078370 0.000000
0.000000 -0.893980 -0.035276 -0.076873 0.000000
0.000000 -0.890853 -0.048115 -0.075239 0.000000
0.000000 -0.887721 -0.060609 -0.073474 0.000000
0.000000 -0.884608 -0.072766 -0.071583 0.000000
0.000000 -0.881531 -0.084596 -0.069572 0.000000
0.000000 -0.878510 -0.096108 -0.067445 0.000000
0.000000 -0.875558 -0.107310 -0.065209 0.000000
0.000000 -0.872692 -0.118207 -0.062868 0.000000
0.000000 -0.869929 -0.128803 -0.060426 0.000000
0.000000 -0.867284 -0.139098 -0.057890 0.000000
0.000000 -0.864776 -0.149090 -0.055263 0.000000
0.000000 -0.862424 -0.158774 -0.052551 0.000000
0.000000 -0.860248 -0.168144 -0.049757 0.000000
0.000000 -0.858269 -0.177193 -0.046888 0.000000
0.000000 -0.856510 -0.185913 -0.043946 0.000000
0.000000 -0.854994 -0.194293 -0.040936 0.000000
0.000000 -0.853745 -0.202323 -0.037862 0.000000
0.000000 -0.852787 -0.209988 -0.034725 0.000000
0.000000 -0.852143 -0.217275 -0.031530 0.000000
0.000000 -0.851835 -0.224168 -0.028278 0.000000
0.000000 -0.851880 -0.230648 -0.024972 0.000000
0.000000 -0.852293 -0.236695 -0.021613 0.000000
0.000000 -0.853084 -0.242288 -0.018202 0.000000
0.000000 -0.854261 -0.247401 -0.014741 0.000000
0.000000 -0.855825 -0.252007 -0.011231 0.000000
0.000000 -0.857776 -0.256075 -0.007672 0.000000
0.000000 -0.860108 -0.259570 -0.004068 0.000000
0.000000 -0.862813 -0.262457 -0.000422 0.000000
0.000000 -0.865876 -0.264698 0.003264 0.000000
0.000000 -0.869279 -0.266250 0.006984 0.000000
0.000000 -0.872999 -0.267075 0.010731 0.000000
0.000000 -0.877008 -0.267131 0.014498 0.000000
0.000000 -0.881269 -0.266380 0.018275 0.000000
0.000000 -0.885745 -0.264787 0.022051 0.000000
0.000000 -0.890391 -0.262320 0.025814 0.000000
0.000000 -0.895157 -0.258954 0.029551 0.000000
0.000000 -0.899993 -0.254671 0.033247 0.000000
0.000000 -0.904844 -0.249460 0.036888 0.000000
0.000000 -0.909653 -0.243322 0.040457 0.000000
0.000000 -0.914364 -0.236265 0.043940 0.000000
0.000000 -0.918920 -0.228308 0.047321 0.000000
0.000000 -0.923265 -0.219479 0.050588 0.000000
0.000000 -0.927346 -0.209817 0.053729 0.000000
0.000000 -0.931114 -0.199364 0.056733 0.000000
0.000000 -0.934523 -0.188170 0.059594 0.000000
0.000000 -0.937536 -0.176292 0.062305 0.000000
0.000000 -0.940121 -0.163789 0.064860 0.000000
0.000000 -0.942257 -0.150721 0.067258 0.000000
0.000000 -0.943928 -0.137151 0.069494 0.000000
0.000000 -0.945130 -0.123141 0.071569 0.000000
0.000000 -0.945866 -0.108748 0.073481 0.000000
0.000000 -0.946147 -0.094028 0.075231 0.000000
0.000000 -0.945990 -0.079030 0.076820 0.000000
0.000000 -0.945420 -0.063804 0.078248 0.000000
0.000000 -0.944464 -0.048392 0.079518 0.000000
0.000000 -0.943152 -0.032835 0.080629 0.000000
0.000000 -0.941513 -0.017171 0.081584 0.000000
0.000000 -0.939576 -0.001432 0.082384 0.000000
0.000000 -0.937368 0.014351 0.083030 0.000000
0.000000 -0.934909 0.030152 0.083523 0.000000
0.000000 -0.932217 0.045948 0.083865 0.000000
0.000000 -0.929306 0.061719 0.084057 0.000000
0.000000 -0.926188 0.077446 0.084101 0.000000
0.000000 -0.922873 0.093113 0.084000 0.000000
0.000000 -0.919374 0.108704 0.083753 0.000000
0.000000 -0.915700 0.124202 0.083364 0.000000
0.000000 -0.911867 0.139591 0.082834 0.000000
0.000000 -0.907888 0.154855 0.082165 0.000000
0.000000 -0.903781 0.169976 0.081359 0.000000
0.000000 -0.899563 0.184937 0.080417 0.000000
0.000000 -0.895254 0.199719 0.079341 0.000000
0.000000 -0.890875 0.214305 0.078131 0.000000
0.000000 -0.886447 0.228675 0.076788 0.000000
0.000000 -0.881997 0.242810 0.075312 0.000000
0.000000 -0.877549 0.256688 0.073705 0.000000
0.000000 -0.873129 0.270291 0.071967 0.000000
0.000000 -0.868767 0.283597 0.070098 0.000000
0.000000 -0.864488 0.296587 0.068100 0.000000
0.000000 -0.860319 0.309243 0.065974 0.000000
0.000000 -0.856288 0.321545 0.063722 0.000000
0.000000 -0.852421 0.333473 0.061346 0.000000
0.000000 -0.848742 0.345008 0.058849 0.000000
0.000000 -0.845275 0.356130 0.056234 0.000000
0.000000 -0.842044 0.366818 0.053506 0.000000
0.000000 -0.839068 0.377053 0.050669 0.000000
0.000000 -0.836365 0.386816 0.047727 0.000000
0.000000 -0.833951 0.396087 0.044686 0.000000
0.000000 -0.831839 0.404849 0.041550 0.000000
0.000000 -0.830041 0.413085 0.038325 0.000000
0.000000 -0.828569 0.420776 0.035016 0.000000
0.000000 -0.827433 0.427904 0.031628 0.000000
0.000000 -0.826643 0.434452 0.028168 0.000000
0.000000 -0.826207 0.440400 0.024641 0.000000
0.000000 -0.826131 0.445733 0.021055 0.000000
0.000000 -0.826421 0.450432 0.017417 0.000000
0.000000 -0.827078 0.454481 0.013734 0.000000
0.000000 -0.828099 0.457865 0.010016 0.000000
0.000000 -0.829481 0.460569 0.006271 0.000000
0.000000 -0.831213 0.462581 0.002509 0.000000
0.000000 -0.833285 0.463889 -0.001261 0.000000
0.000000 -0.835682 0.464481 -0.005028 0.000000
0.000000 -0.838386 0.464349 -0.008784 0.000000
0.000000 -0.841377 0.463482 -0.012518 0.000000
0.000000 -0.844635 0.461875 -0.016221 0.000000
0.000000 -0.848134 0.459519 -0.019886 0.000000
0.000000 -0.851848 0.456411 -0.023504 0.000000
0.000000 -0.855748 0.452544 -0.027067 0.000000
0.000000 -0.859802 0.447916 -0.030567 0.000000
0.000000 -0.863978 0.442524 -0.033999 0.000000
0.000000 -0.868241 0.436371 -0.037355 0.000000
0.000000 -0.872552 0.429458 -0.040627 0.000000
0.000000 -0.876875 0.421792 -0.043809 0.000000
0.000000 -0.881170 0.413383 -0.046894 0.000000
0.000000 -0.885400 0.404246 -0.049874 0.000000
0.000000 -0.889528 0.394399 -0.052741 0.000000
0.000000 -0.893517 0.383865 -0.055487 0.000000
0.000000 -0.897335 0.372672 -0.058105 0.000000
0.000000 -0.900951 0.360852 -0.060586 0.000000
0.000000 -0.904338 0.348440 -0.062922 0.000000
0.000000 -0.907471 0.335476 -0.065104 0.000000
0.000000 -0.910332 0.322002 -0.067127 0.000000
0.000000 -0.912905 0.308064 -0.068981 0.000000
0.000000 -0.915180 0.293708 -0.070660 0.000000
0.000000 -0.917149 0.278983 -0.072159 0.000000
0.000000 -0.918810 0.263938 -0.073472 0.000000
0.000000 -0.920164 0.248621 -0.074594 0.000000
0.000000 -0.921214 0.233080 -0.075522 0.000000
0.000000 -0.921968 0.217365 -0.076253 0.000000
0.000000 -0.922435 0.201521 -0.076785 0.000000
0.000000 -0.922624 0.185597 -0.077116 0.000000
0.000000 -0.922547 0.169639 -0.077248 0.000000
0.000000 -0.922217 0.153694 -0.077180 0.000000
0.000000 -0.921645 0.137807 -0.076913 0.000000
0.000000 -0.920848 0.122025 -0.076451 0.000000
0.000000 -0.919841 0.106394 -0.075796 0.000000
0.000000 -0.918641 0.090959 -0.074951 0.000000
0.000000 -0.917271 0.075762 -0.073922 0.000000
0.000000 -0.915752 0.060847 -0.072714 0.000000
0.000000 -0.914112 0.046255 -0.071332 0.000000
0.000000 -0.912377 0.032023 -0.069782 0.000000
0.000000 -0.910579 0.018186 -0.068071 0.000000
0.000000 -0.908749 0.004778 -0.066206 0.000000
0.000000 -0.906915 -0.008173 -0.064194 0.000000
0.000000 -0.905108 -0.020642 -0.062043 0.000000
0.000000 -0.903357 -0.032608 -0.059759 0.000000
0.000000 -0.901686 -0.044051 -0.057351 0.000000
0.000000 -0.900122 -0.054957 -0.054824 0.000000
0.000000 -0.898686 -0.065313 -0.052188 0.000000
0.000000 -0.897399 -0.075107 -0.049448 0.000000
0.000000 -0.896282 -0.084332 -0.046613 0.000000
0.000000 -0.895353 -0.092980 -0.043689 0.000000
0.000000 -0.894629 -0.101045 -0.040685 0.000000
0.000000 -0.894126 -0.108522 -0.037607 0.000000
0.000000 -0.893857 -0.115409 -0.034465 0.000000
0.000000 -0.893836 -0.121700 -0.031267 0.000000
0.000000 -0.894071 -0.127395 -0.028019 0.000000
0.000000 -0.894571 -0.132490 -0.024730 0.000000
0.000000 -0.895341 -0.136981 -0.021407 0.000000
0.000000 -0.896384 -0.140867 -0.018057 0.000000
0.000000 -0.897701 -0.144143 -0.014688 0.000000
0.000000 -0.899290 -0.146806 -0.011306 0.000000
0.000000 -0.901148 -0.148851 -0.007917 0.000000
0.000000 -0.903269 -0.150272 -0.004527 0.000000
0.000000 -0.905645 -0.151063 -0.001144 0.000000
0.000000 -0.908265 -0.151218 0.002228 0.000000
0.000000 -0.911114 -0.150730 0.005582 0.000000
0.000000 -0.914175 -0.149593 0.008911 0.000000
0.000000 -0.917426 -0.147800 0.012210 0.000000
0.000000 -0.920842 -0.145346 0.015472 0.000000
0.000000 -0.924393 -0.142226 0.018688 0.000000
0.000000 -0.928048 -0.138437 0.021852 0.000000
0.000000 -0.931770 -0.133977 0.024955 0.000000
0.000000 -0.935522 -0.128849 0.027990 0.000000
0.000000 -0.939265 -0.123056 0.030947 0.000000
0.000000 -0.942960 -0.116607 0.033818 0.000000
0.000000 -0.946568 -0.109512 0.036594 0.000000
0.000000 -0.950052 -0.101788 0.039266 0.000000
0.000000 -0.953377 -0.093456 0.041824 0.000000
0.000000 -0.956510 -0.084538 0.044261 0.000000
0.000000 -0.959419 -0.075064 0.046567 0.000000
0.000000 -0.962078 -0.065065 0.048735 0.000000
0.000000 -0.964462 -0.054579 0.050756 0.000000
0.000000 -0.966549 -0.043643 0.052624 0.000000
0.000000 -0.968321 -0.032300 0.054333 0.000000
0.000000 -0.969763 -0.020593 0.055877 0.000000
0.000000 -0.970865 -0.008567 0.057251 0.000000
0.000000 -0.971619 0.003731 0.058453 0.000000
0.000000 -0.972023 0.016255 0.059479 0.000000
0.000000 -0.972079 0.028958 0.060328 0.000000
0.000000 -0.971790 0.041793 0.060999 0.000000
0.000000 -0.971168 0.054714 0.061493 0.000000
0.000000 -0.970225 0.067679 0.061809 0.000000
0.000000 -0.968977 0.080646 0.061951 0.000000
0.000000 -0.967444 0.093575 0.061921 0.000000
0.000000 -0.965646 0.106430 0.061723 0.000000
0.000000 -0.963607 0.119177 0.061361 0.000000
0.000000 -0.961350 0.131786 0.060841 0.000000
0.000000 -0.958902 0.144227 0.060167 0.000000
0.000000 -0.956286 0.156476 0.059346 0.000000
0.000000 -0.953529 0.168508 0.058385 0.000000
0.000000 -0.950657 0.180300 0.057289 0.000000
0.000000 -0.947695 0.191834 0.056063 0.000000
0.000000 -0.944668 0.203089 0.054715 0.000000
0.000000 -0.941601 0.214047 0.053249 0.000000
0.000000 -0.938521 0.224690 0.051671 0.000000
0.000000 -0.935453 0.235001 0.049985 0.000000
0.000000 -0.932423 0.244966 0.048197 0.000000
0.000000 -0.929456 0.254566 0.046311 0.000000
0.000000 -0.926576 0.263789 0.044332 0.000000
0.000000 -0.923808 0.272618 0.042264 0.000000
0.000000 -0.921174 0.281041 0.040113 0.000000
0.000000 -0.918694 0.289042 0.037883 0.000000
0.000000 -0.916387 0.296609 0.035578 0.000000
0.000000 -0.914268 0.303728 0.033204 0.000000
0.000000 -0.912352 0.310386 0.030764 0.000000
0.000000 -0.910650 0.316572 0.028263 0.000000
0.000000 -0.909172 0.322273 0.025704 0.000000
0.000000 -0.907925 0.327476 0.023092 0.000000
0.000000 -0.906914 0.332171 0.020429 0.000000
0.000000 -0.906146 0.336347 0.017719 0.000000
0.000000 -0.905621 0.339992 0.014965 0.000000
0.000000 -0.905343 0.343096 0.012170 0.000000
0.000000 -0.905311 0.345650 0.009338 0.000000
0.000000 -0.905522 0.347644 0.006473 0.000000
0.000000 -0.905975 0.349069 0.003579 0.000000
0.000000 -0.906663 0.349917 0.000661 0.000000
0.000000 -0.907579 0.350180 -0.002276 0.000000
0.000000 -0.908713 0.349850 -0.005226 0.000000
0.000000 -0.910055 0.348921 -0.008183 0.000000
0.000000 -0.911591 0.347387 -0.011140 0.000000
0.000000 -0.913308 0.345243 -0.014091 0.000000
0.000000 -0.915190 0.342484 -0.017029 0.000000
0.000000 -0.917221 0.339109 -0.019947 0.000000
0.000000 -0.919383 0.335116 -0.022836 0.000000
0.000000 -0.921660 0.330504 -0.025690 0.000000
0.000000 -0.924033 0.325276 -0.028501 0.000000
0.000000 -0.926486 0.319435 -0.031261 0.000000
0.000000 -0.929001 0.312988 -0.033962 0.000000
0.000000 -0.931562 0.305943 -0.036597 0.000000
0.000000 -0.934152 0.298312 -0.039157 0.000000
0.000000 -0.936756 0.290108 -0.041636 0.000000
0.000000 -0.939359 0.281350 -0.044026 0.000000
0.000000 -0.941946 0.272056 -0.046318 0.000000
0.000000 -0.944504 0.262249 -0.048507 0.000000
0.000000 -0.947022 0.251953 -0.050584 0.000000
0.000000 -0.949487 0.241196 -0.052543 0.000000
0.000000 -0.951889 0.230007 -0.054377 0.000000
0.000000 -0.954219 0.218417 -0.056080 0.000000
0.000000 -0.956467 0.206458 -0.057645 0.000000
0.000000 -0.958625 0.194163 -0.059068 0.000000
0.000000 -0.960685 0.181567 -0.060342 0.000000
0.000000 -0.962639 0.168704 -0.061463 0.000000
0.000000 -0.964480 0.155611 -0.062426 0.000000
0.000000 -0.966199 0.142322 -0.063227 0.000000
0.000000 -0.967791 0.128874 -0.063863 0.000000
0.000000 -0.969247 0.115304 -0.064329 0.000000
0.000000 -0.970561 0.101650 -0.064623 0.000000
0.000000 -0.971727 0.087948 -0.064742 0.000000
0.000000 -0.972741 0.074238 -0.064685 0.000000
0.000000 -0.973598 0.060557 -0.064448 0.000000
0.000000 -0.974297 0.046944 -0.064032 0.000000
0.000000 -0.974834 0.033438 -0.063435 0.000000
0.000000 -0.975212 0.020079 -0.062658 0.000000
0.000000 -0.975430 0.006905 -0.061700 0.000000
0.000000 -0.975492 -0.006045 -0.060562 0.000000
0.000000 -0.975402 -0.018732 -0.059247 0.000000
0.000000 -0.975165 -0.031119 -0.057756 0.000000
0.000000 -0.974789 -0.043169 -0.056094 0.000000
0.000000 -0.974283 -0.054844 -0.054262 0.000000
0.000000 -0.973656 -0.066110 -0.052267 0.000000
0.000000 -0.972920 -0.076932 -0.050113 0.000000
0.000000 -0.972087 -0.087279 -0.047807 0.000000
0.000000 -0.971173 -0.097120 -0.045356 0.000000
0.000000 -0.970193 -0.106424 -0.042766 0.000000
0.000000 -0.969162 -0.115166 -0.040047 0.000000
0.000000 -0.968098 -0.123320 -0.037206 0.000000
0.000000 -0.967018 -0.130863 -0.034253 0.000000
0.000000 -0.965940 -0.137774 -0.031197 0.000000
0.000000 -0.964882 -0.144035 -0.028048 0.000000
0.000000 -0.963861 -0.149629 -0.024816 0.000000
0.000000 -0.962894 -0.154543 -0.021511 0.000000
0.000000 -0.961998 -0.158764 -0.018143 0.000000
0.000000 -0.961185 -0.162283 -0.014725 0.000000
0.000000 -0.960471 -0.165092 -0.011265 0.000000
0.000000 -0.959866 -0.167186 -0.007776 0.000000
0.000000 -0.959379 -0.168562 -0.004267 0.000000
0.000000 -0.959018 -0.169216 -0.000750 0.000000
0.000000 -0.958789 -0.169149 0.002766 0.000000
0.000000 -0.958696 -0.168362 0.006271 0.000000
0.000000 -0.958742 -0.166856 0.009754 0.000000
0.000000 -0.958926 -0.164635 0.013207 0.000000
0.000000 -0.959247 -0.161704 0.016621 0.000000
0.000000 -0.959702 -0.158069 0.019985 0.000000
0.000000 -0.960288 -0.153737 0.023293 0.000000
0.000000 -0.960996 -0.148718 0.026534 0.000000
0.000000 -0.961818 -0.143024 0.029700 0.000000
0.000000 -0.962743 -0.136667 0.032785 0.000000
0.000000 -0.963758 -0.129662 0.035778 0.000000
0.000000 -0.964847 -0.122027 0.038673 0.000000
0.000000 -0.965995 -0.113780 0.041462 0.000000
0.000000 -0.967181 -0.104943 0.044138 0.000000
0.000000 -0.968385 -0.095538 0.046694 0.000000
0.000000 -0.969587 -0.085590 0.049123 0.000000
0.000000 -0.970763 -0.075125 0.051419 0.000000
0.000000 -0.971891 -0.064171 0.053575 0.000000
0.000000 -0.972950 -0.052757 0.055587 0.000000
0.000000 -0.973919 -0.040916 0.057448 0.000000
0.000000 -0.974777 -0.028679 0.059154 0.000000
0.000000 -0.975505 -0.016080 0.060700 0.000000
0.000000 -0.976088 -0.003154 0.062082 0.000000
0.000000 -0.976510 0.010061 0.063297 0.000000
0.000000 -0.976760 0.023528 0.064342 0.000000
0.000000 -0.976827 0.037209 0.065215 0.000000
0.000000 -0.976704 0.051064 0.065914 0.000000
0.000000 -0.976385 0.065055 0.066438 0.000000
0.000000 -0.975866 0.079141 0.066787 0.000000
0.000000 -0.975146 0.093283 0.066962 0.000000
0.000000 -0.974227 0.107440 0.066963 0.000000
0.000000 -0.973112 0.121574 0.066793 0.000000
0.000000 -0.971806 0.135646 0.066452 0.000000
0.000000 -0.970317 0.149618 0.065944 0.000000
0.000000 -0.968653 0.163452 0.065271 0.000000
0.000000 -0.966827 0.177112 0.064438 0.000000
0.000000 -0.964850 0.190563 0.063447 0.000000
0.000000 -0.962739 0.203772 0.062304 0.000000
0.000000 -0.960507 0.216706 0.061014 0.000000
0.000000 -0.958171 0.229333 0.059580 0.000000
0.000000 -0.955749 0.241625 0.058009 0.000000
0.000000 -0.953259 0.253554 0.056306 0.000000
0.000000 -0.950718 0.265093 0.054478 0.000000
0.000000 -0.948144 0.276217 0.052530 0.000000
0.000000 -0.945555 0.286905 0.050469 0.000000
0.000000 -0.942967 0.297134 0.048301 0.000000
0.000000 -0.940397 0.306884 0.046033 0.000000
0.000000 -0.937861 0.316136 0.043673 0.000000
0.000000 -0.935376 0.324875 0.041226 0.000000
0.000000 -0.932955 0.333083 0.038699 0.000000
0.000000 -0.930613 0.340748 0.036099 0.000000
0.000000 -0.928365 0.347855 0.033434 0.000000
0.000000 -0.926224 0.354395 0.030709 0.000000
0.000000 -0.924204 0.360357 0.027931 0.000000
0.000000 -0.922319 0.365732 0.025107 0.000000
0.000000 -0.920580 0.370514 0.022243 0.000000
0.000000 -0.919000 0.374697 0.019346 0.000000
0.000000 -0.917590 0.378278 0.016422 0.000000
0.000000 -0.916360 0.381252 0.013478 0.000000
0.000000 -0.915322 0.383620 0.010521 0.000000
0.000000 -0.914483 0.385382 0.007556 0.000000
0.000000 -0.913852 0.386538 0.004590 0.000000
0.000000 -0.913435 0.387092 0.001631 0.000000
0.000000 -0.913238 0.387048 -0.001316 0.000000
0.000000 -0.913263 0.386410 -0.004244 0.000000
0.000000 -0.913514 0.385185 -0.007146 0.000000
0.000000 -0.913988 0.383380 -0.010015 0.000000
0.000000 -0.914684 0.381002 -0.012845 0.000000
0.000000 -0.915597 0.378058 -0.015630 0.000000
0.000000 -0.916719 0.374558 -0.018363 0.000000
0.000000 -0.918040 0.370511 -0.021037 0.000000
0.000000 -0.919549 0.365924 -0.023648 0.000000
0.000000 -0.921231 0.360810 -0.026188 0.000000
0.000000 -0.923070 0.355177 -0.028652 0.000000
0.000000 -0.925050 0.349038 -0.031035 0.000000
0.000000 -0.927151 0.342405 -0.033332 0.000000
0.000000 -0.929355 0.335293 -0.035536 0.000000
0.000000 -0.931642 0.327716 -0.037644 0.000000
0.000000 -0.933993 0.319690 -0.039650 0.000000
0.000000 -0.936389 0.311235 -0.041550 0.000000
0.000000 -0.938811 0.302371 -0.043340 0.000000
0.000000 -0.941241 0.293118 -0.045015 0.000000
0.000000 -0.943661 0.283499 -0.046571 0.000000
0.000000 -0.946054 0.273540 -0.048006 0.000000
0.000000 -0.948403 0.263266 -0.049314 0.000000
0.000000 -0.950693 0.252705 -0.050494 0.000000
0.000000 -0.952909 0.241883 -0.051543 0.000000
0.000000 -0.955035 0.230832 -0.052459 0.000000
0.000000 -0.957060 0.219579 -0.053239 0.000000
0.000000 -0.958972 0.208157 -0.053882 0.000000
0.000000 -0.960760 0.196595 -0.054388 0.000000
0.000000 -0.962416 0.184926 -0.054755 0.000000
0.000000 -0.963933 0.173182 -0.054983 0.000000
0.000000 -0.965308 0.161394 -0.055073 0.000000
0.000000 -0.966536 0.149595 -0.055026 0.000000
0.000000 -0.967619 0.137817 -0.054843 0.000000
0.000000 -0.968558 0.126091 -0.054524 0.000000
0.000000 -0.969355 0.114450 -0.054072 0.000000
0.000000 -0.970017 0.102923 -0.053488 0.000000
0.000000 -0.970549 0.091542 -0.052775 0.000000
0.000000 -0.970959 0.080337 -0.051936 0.000000
0.000000 -0.971256 0.069336 -0.050973 0.000000
0.000000 -0.971449 0.058567 -0.049889 0.000000
0.000000 -0.971547 0.048058 -0.048687 0.000000
0.000000 -0.971560 0.037836 -0.047371 0.000000
0.000000 -0.971499 0.027924 -0.045943 0.000000
0.000000 -0.971373 0.018348 -0.044408 0.000000
0.000000 -0.971194 0.009130 -0.042771 0.000000
0.000000 -0.970969 0.000292 -0.041034 0.000000
0.000000 -0.970711 -0.008144 -0.039204 0.000000
0.000000 -0.970428 -0.016161 -0.037284 0.000000
0.000000 -0.970129 -0.023739 -0.035281 0.000000
0.000000 -0.969825 -0.030862 -0.033199 0.000000
0.000000 -0.969524 -0.037515 -0.031045 0.000000
0.000000 -0.969235 -0.043684 -0.028824 0.000000
0.000000 -0.968968 -0.049357 -0.026542 0.000000
0.000000 -0.968731 -0.054523 -0.024206 0.000000
0.000000 -0.968533 -0.059173 -0.021821 0.000000
0.000000 -0.968382 -0.063299 -0.019394 0.000000
0.000000 -0.968287 -0.066895 -0.016932 0.000000
0.000000 -0.968256 -0.069955 -0.014440 0.000000
0.000000 -0.968294 -0.072477 -0.011926 0.000000
0.000000 -0.968410 -0.074458 -0.009395 0.000000
0.000000 -0.968608 -0.075897 -0.006855 0.000000
0.000000 -0.968892 -0.076795 -0.004310 0.000000
0.000000 -0.969265 -0.077153 -0.001769 0.000000
0.000000 -0.969729 -0.076975 0.000763 0.000000
0.000000 -0.970283 -0.076263 0.003280 0.000000
0.000000 -0.970925 -0.075024 0.005774 0.000000
0.000000 -0.971651 -0.073262 0.008240 0.000000
0.000000 -0.972455 -0.070986 0.010671 0.000000
0.000000 -0.973330 -0.068203 0.013061 0.000000
0.000000 -0.974267 -0.064923 0.015403 0.000000
0.000000 -0.975255 -0.061156 0.017692 0.000000
0.000000 -0.976285 -0.056914 0.019921 0.000000
0.000000 -0.977342 -0.052210 0.022085 0.000000
0.000000 -0.978416 -0.047056 0.024176 0.000000
0.000000 -0.979491 -0.041469 0.026190 0.000000
0.000000 -0.980554 -0.035464 0.028121 0.000000
0.000000 -0.981592 -0.029060 0.029963 0.000000
0.000000 -0.982591 -0.022275 0.031712 0.000000
0.000000 -0.983538 -0.015129 0.033361 0.000000
0.000000 -0.984418 -0.007644 0.034907 0.000000
0.000000 -0.985222 0.000159 0.036344 0.000000
0.000000 -0.985936 0.008254 0.037668 0.000000
0.000000 -0.986551 0.016618 0.038876 0.000000
0.000000 -0.987057 0.025224 0.039964 0.000000
0.000000 -0.987447 0.034045 0.040929 0.000000
0.000000 -0.987713 0.043053 0.041767 0.000000
0.000000 -0.987852 0.052221 0.042477 0.000000
0.000000 -0.987858 0.061519 0.043056 0.000000
0.000000 -0.987731 0.070917 0.043504 0.000000
0.000000 -0.987469 0.080386 0.043819 0.000000
0.000000 -0.987074 0.089897 0.044001 0.000000
0.000000 -0.986547 0.099419 0.044050 0.000000
0.000000 -0.985892 0.108923 0.043966 0.000000
0.000000 -0.985114 0.118380 0.043750 0.000000
0.000000 -0.984219 0.127762 0.043405 0.000000
