0.000000 0.968749 0.120196 -0.000111 0.000000
0.000000 0.968749 0.120196 -0.000112 0.000000
0.000000 0.968749 0.120196 -0.000114 0.000000
0.000000 0.968749 0.120197 -0.000119 0.000000
0.000000 0.968749 0.120197 -0.000126 0.000000
0.000000 0.968749 0.120197 -0.000139 0.000000
0.000000 0.968749 0.120198 -0.000163 0.000000
0.000000 0.968748 0.120200 -0.000206 0.000000
0.000000 0.968747 0.120203 -0.000284 0.000000
0.000000 0.968745 0.120212 -0.000424 0.000000
0.000000 0.968739 0.120232 -0.000675 0.000000
0.000000 0.968723 0.120288 -0.001128 0.000000
0.000000 0.968677 0.120449 -0.001941 0.000000
0.000000 0.968540 0.120931 -0.003399 0.000000
0.000000 0.968119 0.122425 -0.006009 0.000000
0.000000 0.967541 0.124456 -0.008346 0.000000
0.000000 0.966963 0.126471 -0.010143 0.000000
0.000000 0.966096 0.129454 -0.012327 0.000000
0.000000 0.965436 0.131695 -0.013737 0.000000
0.000000 0.964100 0.136158 -0.016170 0.000000
0.000000 0.963540 0.137999 -0.017070 0.000000
0.000000 0.962444 0.141557 -0.018679 0.000000
0.000000 0.961498 0.144578 -0.019938 0.000000
0.000000 0.960022 0.149203 -0.021716 0.000000
0.000000 0.959144 0.151909 -0.022686 0.000000
0.000000 0.957441 0.157062 -0.024418 0.000000
0.000000 0.956484 0.159905 -0.025318 0.000000
0.000000 0.954646 0.165266 -0.026924 0.000000
0.000000 0.953527 0.168467 -0.027834 0.000000
0.000000 0.951384 0.174476 -0.029455 0.000000
0.000000 0.950240 0.177623 -0.030264 0.000000
0.000000 0.948068 0.183481 -0.031705 0.000000
0.000000 0.946647 0.187241 -0.032591 0.000000
0.000000 0.943942 0.194242 -0.034166 0.000000
0.000000 0.942673 0.197461 -0.034862 0.000000
0.000000 0.940289 0.203397 -0.036100 0.000000
0.000000 0.938405 0.207996 -0.037024 0.000000
0.000000 0.935318 0.215357 -0.038443 0.000000
0.000000 0.933754 0.219013 -0.039123 0.000000
0.000000 0.930826 0.225727 -0.040331 0.000000
0.000000 0.928781 0.230322 -0.041131 0.000000
0.000000 0.924929 0.238777 -0.042548 0.000000
0.000000 0.923328 0.242221 -0.043106 0.000000
0.000000 0.920356 0.248506 -0.044098 0.000000
0.000000 0.917561 0.254297 -0.044984 0.000000
0.000000 0.914160 0.261197 -0.046006 0.000000
0.000000 0.911431 0.266624 -0.046787 0.000000
0.000000 0.907180 0.274887 -0.047936 0.000000
0.000000 0.904900 0.279233 -0.048523 0.000000
0.000000 0.900665 0.287147 -0.049564 0.000000
0.000000 0.898010 0.292014 -0.050186 0.000000
0.000000 0.893071 0.300872 -0.051285 0.000000
0.000000 0.890665 0.305105 -0.051796 0.000000
0.000000 0.886219 0.312789 -0.052701 0.000000
0.000000 0.882994 0.318254 -0.053328 0.000000
0.000000 0.877218 0.327824 -0.054395 0.000000
0.000000 0.874783 0.331783 -0.054825 0.000000
0.000000 0.870303 0.338949 -0.055587 0.000000
0.000000 0.866264 0.345285 -0.056246 0.000000
0.000000 0.861143 0.353159 -0.057043 0.000000
0.000000 0.857395 0.358814 -0.057603 0.000000
0.000000 0.850824 0.368511 -0.058538 0.000000
0.000000 0.847984 0.372624 -0.058927 0.000000
0.000000 0.842774 0.380051 -0.059615 0.000000
0.000000 0.838269 0.386354 -0.060188 0.000000
0.000000 0.832239 0.394621 -0.060923 0.000000
0.000000 0.828206 0.400049 -0.061397 0.000000
0.000000 0.820776 0.409839 -0.062234 0.000000
0.000000 0.817576 0.413977 -0.062582 0.000000
0.000000 0.811720 0.421432 -0.063201 0.000000
0.000000 0.806662 0.427752 -0.063717 0.000000
0.000000 0.799921 0.436008 -0.064381 0.000000
0.000000 0.795418 0.441421 -0.064812 0.000000
0.000000 0.787145 0.451159 -0.065575 0.000000
0.000000 0.783594 0.455262 -0.065894 0.000000
0.000000 0.777105 0.462641 -0.066462 0.000000
0.000000 0.771499 0.468896 -0.066940 0.000000
0.000000 0.764047 0.477045 -0.067559 0.000000
0.000000 0.759082 0.482374 -0.067961 0.000000
0.000000 0.749977 0.491936 -0.068680 0.000000
0.000000 0.746063 0.495970 -0.068983 0.000000
0.000000 0.738921 0.503211 -0.069527 0.000000
0.000000 0.732771 0.509327 -0.069986 0.000000
0.000000 0.724615 0.517269 -0.070585 0.000000
0.000000 0.719154 0.522485 -0.070979 0.000000
0.000000 0.709154 0.531823 -0.071691 0.000000
0.000000 0.704901 0.535716 -0.071990 0.000000
0.000000 0.697149 0.542692 -0.072531 0.000000
0.000000 0.690385 0.548656 -0.072998 0.000000
0.000000 0.681616 0.556218 -0.073599 0.000000
0.000000 0.675552 0.561341 -0.074011 0.000000
0.000000 0.664456 0.570486 -0.074763 0.000000
0.000000 0.659986 0.574092 -0.075065 0.000000
0.000000 0.651847 0.580541 -0.075613 0.000000
0.000000 0.644140 0.586513 -0.076132 0.000000
0.000000 0.635341 0.593171 -0.076725 0.000000
0.000000 0.627914 0.598664 -0.077227 0.000000
0.000000 0.617761 0.605985 -0.077915 0.000000
0.000000 0.611337 0.610508 -0.078352 0.000000
0.000000 0.599599 0.618554 -0.079155 0.000000
0.000000 0.594137 0.622206 -0.079531 0.000000
0.000000 0.584187 0.628709 -0.080220 0.000000
0.000000 0.576637 0.633515 -0.080747 0.000000
0.000000 0.564487 0.641021 -0.081604 0.000000
0.000000 0.558564 0.644581 -0.082026 0.000000
0.000000 0.547769 0.650902 -0.082802 0.000000
0.000000 0.540159 0.655230 -0.083355 0.000000
0.000000 0.526426 0.662776 -0.084365 0.000000
0.000000 0.520875 0.665731 -0.084778 0.000000
0.000000 0.510774 0.670971 -0.085537 0.000000
0.000000 0.501255 0.675747 -0.086262 0.000000
0.000000 0.490349 0.681027 -0.087103 0.000000
0.000000 0.481186 0.685307 -0.087819 0.000000
0.000000 0.468586 0.690962 -0.088817 0.000000
0.000000 0.460696 0.694369 -0.089451 0.000000
0.000000 0.446287 0.700325 -0.090623 0.000000
0.000000 0.439475 0.703025 -0.091184 0.000000
0.000000 0.427067 0.707749 -0.092219 0.000000
0.000000 0.417897 0.711082 -0.092993 0.000000
0.000000 0.402488 0.716380 -0.094312 0.000000
0.000000 0.395517 0.718656 -0.094917 0.000000
0.000000 0.382826 0.722604 -0.096028 0.000000
0.000000 0.372775 0.725555 -0.096918 0.000000
0.000000 0.357664 0.729698 -0.098273 0.000000
0.000000 0.349462 0.731803 -0.099016 0.000000
0.000000 0.334519 0.735375 -0.100382 0.000000
0.000000 0.325639 0.737340 -0.101202 0.000000
0.000000 0.309455 0.740619 -0.102710 0.000000
0.000000 0.301141 0.742154 -0.103491 0.000000
0.000000 0.286010 0.744687 -0.104922 0.000000
0.000000 0.276222 0.746149 -0.105854 0.000000
0.000000 0.258386 0.748454 -0.107563 0.000000
0.000000 0.250417 0.749338 -0.108331 0.000000
0.000000 0.235938 0.750712 -0.109732 0.000000
0.000000 0.224323 0.751599 -0.110860 0.000000
0.000000 0.207310 0.752556 -0.112516 0.000000
0.000000 0.197762 0.752916 -0.113448 0.000000
0.000000 0.180414 0.753246 -0.115142 0.000000
0.000000 0.170720 0.753251 -0.116089 0.000000
0.000000 0.153120 0.752928 -0.117808 0.000000
0.000000 0.143233 0.752563 -0.118772 0.000000
0.000000 0.125294 0.751561 -0.120516 0.000000
0.000000 0.115318 0.750817 -0.121484 0.000000
0.000000 0.097234 0.749128 -0.123230 0.000000
0.000000 0.087030 0.747984 -0.124210 0.000000
0.000000 0.068546 0.745560 -0.125975 0.000000
0.000000 0.058372 0.744035 -0.126941 0.000000
0.000000 0.039960 0.740929 -0.128675 0.000000
0.000000 0.029436 0.738957 -0.129658 0.000000
0.000000 0.010404 0.735024 -0.131419 0.000000
0.000000 0.000181 0.732719 -0.132356 0.000000
0.000000 -0.018290 0.728214 -0.134032 0.000000
0.000000 -0.029222 0.725342 -0.135012 0.000000
0.000000 -0.048962 0.719770 -0.136760 0.000000
0.000000 -0.058948 0.716763 -0.137633 0.000000
0.000000 -0.076960 0.711017 -0.139188 0.000000
0.000000 -0.088633 0.707075 -0.140182 0.000000
0.000000 -0.109679 0.699529 -0.141945 0.000000
0.000000 -0.118837 0.696071 -0.142700 0.000000
0.000000 -0.135332 0.689575 -0.144041 0.000000
0.000000 -0.148798 0.684015 -0.145118 0.000000
0.000000 -0.167479 0.675919 -0.146585 0.000000
0.000000 -0.178632 0.670874 -0.147445 0.000000
0.000000 -0.198692 0.661395 -0.148962 0.000000
0.000000 -0.208595 0.656525 -0.149697 0.000000
0.000000 -0.226395 0.647448 -0.150993 0.000000
0.000000 -0.238257 0.641169 -0.151840 0.000000
0.000000 -0.259554 0.629423 -0.153324 0.000000
0.000000 -0.268322 0.624410 -0.153922 0.000000
0.000000 -0.284063 0.615147 -0.154975 0.000000
0.000000 -0.297930 0.606704 -0.155882 0.000000
0.000000 -0.314871 0.596019 -0.156962 0.000000
0.000000 -0.327118 0.588038 -0.157723 0.000000
0.000000 -0.347416 0.574320 -0.158949 0.000000
0.000000 -0.356351 0.568085 -0.159473 0.000000
0.000000 -0.372349 0.556613 -0.160390 0.000000
0.000000 -0.384974 0.547272 -0.161092 0.000000
0.000000 -0.403091 0.533409 -0.162064 0.000000
0.000000 -0.413137 0.525483 -0.162586 0.000000
0.000000 -0.431065 0.510896 -0.163482 0.000000
0.000000 -0.440839 0.502698 -0.163952 0.000000
0.000000 -0.458261 0.487637 -0.164755 0.000000
0.000000 -0.467984 0.478974 -0.165183 0.000000
0.000000 -0.485289 0.463076 -0.165905 0.000000
0.000000 -0.494559 0.454299 -0.166270 0.000000
0.000000 -0.511038 0.438224 -0.166880 0.000000
0.000000 -0.520425 0.428787 -0.167203 0.000000
0.000000 -0.537081 0.411514 -0.167729 0.000000
0.000000 -0.545649 0.402355 -0.167975 0.000000
0.000000 -0.560846 0.385631 -0.168365 0.000000
0.000000 -0.570005 0.375242 -0.168570 0.000000
0.000000 -0.586201 0.356267 -0.168873 0.000000
0.000000 -0.593757 0.347141 -0.168986 0.000000
0.000000 -0.607137 0.330528 -0.169139 0.000000
0.000000 -0.616479 0.318569 -0.169207 0.000000
0.000000 -0.632228 0.297694 -0.169241 0.000000
0.000000 -0.638693 0.288856 -0.169224 0.000000
0.000000 -0.650131 0.272807 -0.169145 0.000000
0.000000 -0.659817 0.258785 -0.169027 0.000000
0.000000 -0.671833 0.240803 -0.168807 0.000000
0.000000 -0.679912 0.228324 -0.168611 0.000000
0.000000 -0.694070 0.205637 -0.168161 0.000000
0.000000 -0.699509 0.196630 -0.167949 0.000000
0.000000 -0.709105 0.180312 -0.167518 0.000000
0.000000 -0.718012 0.164644 -0.167046 0.000000
0.000000 -0.727435 0.147473 -0.166464 0.000000
0.000000 -0.735523 0.132203 -0.165888 0.000000
0.000000 -0.745125 0.113377 -0.165103 0.000000
0.000000 -0.751937 0.099517 -0.164471 0.000000
0.000000 -0.762727 0.076598 -0.163325 0.000000
0.000000 -0.767465 0.066122 -0.162759 0.000000
0.000000 -0.775726 0.047180 -0.161667 0.000000
0.000000 -0.781776 0.032699 -0.160771 0.000000
0.000000 -0.790717 0.010212 -0.159274 0.000000
0.000000 -0.795008 -0.001102 -0.158471 0.000000
0.000000 -0.802398 -0.021523 -0.156935 0.000000
0.000000 -0.806984 -0.034876 -0.155868 0.000000
0.000000 -0.814754 -0.058950 -0.153818 0.000000
0.000000 -0.817889 -0.069272 -0.152887 0.000000
0.000000 -0.823229 -0.087851 -0.151130 0.000000
0.000000 -0.827380 -0.103332 -0.149584 0.000000
0.000000 -0.832511 -0.124099 -0.147387 0.000000
0.000000 -0.835461 -0.137082 -0.145939 0.000000
0.000000 -0.840234 -0.160349 -0.143191 0.000000
0.000000 -0.842184 -0.170929 -0.141875 0.000000
0.000000 -0.845314 -0.189867 -0.139406 0.000000
0.000000 -0.847349 -0.204056 -0.137457 0.000000
0.000000 -0.849957 -0.226087 -0.134250 0.000000
0.000000 -0.850970 -0.236739 -0.132615 0.000000
0.000000 -0.852347 -0.255688 -0.129558 0.000000
0.000000 -0.852953 -0.268395 -0.127395 0.000000
0.000000 -0.853356 -0.290835 -0.123328 0.000000
0.000000 -0.853269 -0.299651 -0.121637 0.000000
0.000000 -0.852752 -0.315241 -0.118502 0.000000
0.000000 -0.851855 -0.329350 -0.115493 0.000000
0.000000 -0.850357 -0.344891 -0.111965 0.000000
0.000000 -0.848732 -0.357369 -0.108950 0.000000
0.000000 -0.845987 -0.373640 -0.104739 0.000000
0.000000 -0.843969 -0.383380 -0.102046 0.000000
0.000000 -0.839761 -0.400104 -0.097067 0.000000
0.000000 -0.837576 -0.407463 -0.094713 0.000000
0.000000 -0.833282 -0.420080 -0.090398 0.000000
0.000000 -0.829819 -0.428880 -0.087144 0.000000
0.000000 -0.823765 -0.442060 -0.081804 0.000000
0.000000 -0.820766 -0.447753 -0.079284 0.000000
0.000000 -0.815118 -0.457256 -0.074711 0.000000
0.000000 -0.810807 -0.463587 -0.071344 0.000000
0.000000 -0.803417 -0.472865 -0.065767 0.000000
0.000000 -0.800004 -0.476558 -0.063257 0.000000
0.000000 -0.793751 -0.482455 -0.058745 0.000000
0.000000 -0.788835 -0.486357 -0.055263 0.000000
0.000000 -0.781344 -0.491152 -0.050046 0.000000
0.000000 -0.777432 -0.493132 -0.047354 0.000000
0.000000 -0.770396 -0.495821 -0.042556 0.000000
0.000000 -0.766082 -0.496926 -0.039634 0.000000
0.000000 -0.758391 -0.497877 -0.034453 0.000000
0.000000 -0.754823 -0.497873 -0.032054 0.000000
0.000000 -0.748493 -0.497159 -0.027801 0.000000
0.000000 -0.744005 -0.496091 -0.024782 0.000000
0.000000 -0.736675 -0.493297 -0.019833 0.000000
0.000000 -0.733530 -0.491682 -0.017698 0.000000
0.000000 -0.728007 -0.488202 -0.013926 0.000000
0.000000 -0.723719 -0.484903 -0.010973 0.000000
0.000000 -0.717817 -0.479437 -0.006861 0.000000
0.000000 -0.714563 -0.475930 -0.004566 0.000000
0.000000 -0.708931 -0.468948 -0.000537 0.000000
0.000000 -0.706065 -0.464911 0.001547 0.000000
0.000000 -0.701120 -0.457092 0.005205 0.000000
0.000000 -0.698299 -0.452099 0.007334 0.000000
0.000000 -0.693473 -0.442542 0.011060 0.000000
0.000000 -0.691208 -0.437563 0.012850 0.000000
0.000000 -0.687331 -0.428204 0.015991 0.000000
0.000000 -0.684883 -0.421686 0.018029 0.000000
0.000000 -0.680757 -0.409454 0.021579 0.000000
0.000000 -0.679160 -0.404234 0.022999 0.000000
0.000000 -0.676434 -0.394605 0.025491 0.000000
0.000000 -0.674183 -0.385858 0.027625 0.000000
0.000000 -0.671620 -0.374872 0.030150 0.000000
0.000000 -0.669889 -0.366719 0.031924 0.000000
0.000000 -0.667249 -0.352892 0.034759 0.000000
0.000000 -0.666173 -0.346663 0.035970 0.000000
0.000000 -0.664375 -0.335333 0.038077 0.000000
0.000000 -0.663079 -0.326288 0.039675 0.000000
0.000000 -0.661380 -0.312991 0.041900 0.000000
0.000000 -0.660539 -0.305635 0.043071 0.000000
0.000000 -0.659190 -0.292364 0.045081 0.000000
0.000000 -0.658522 -0.284884 0.046159 0.000000
0.000000 -0.657478 -0.271451 0.048001 0.000000
0.000000 -0.656997 -0.264190 0.048948 0.000000
0.000000 -0.656276 -0.251206 0.050561 0.000000
0.000000 -0.655946 -0.243793 0.051437 0.000000
0.000000 -0.655500 -0.230602 0.052919 0.000000
0.000000 -0.655342 -0.223778 0.053649 0.000000
0.000000 -0.655184 -0.211676 0.054883 0.000000
0.000000 -0.655168 -0.204433 0.055586 0.000000
0.000000 -0.655282 -0.191659 0.056765 0.000000
0.000000 -0.655403 -0.185664 0.057292 0.000000
0.000000 -0.655725 -0.175096 0.058182 0.000000
0.000000 -0.656030 -0.167870 0.058763 0.000000
0.000000 -0.656724 -0.155513 0.059708 0.000000
0.000000 -0.657064 -0.150652 0.060063 0.000000
0.000000 -0.657758 -0.142109 0.060667 0.000000
0.000000 -0.658487 -0.134556 0.061179 0.000000
0.000000 -0.659455 -0.126020 0.061736 0.000000
0.000000 -0.660309 -0.119533 0.062144 0.000000
0.000000 -0.661722 -0.110314 0.062706 0.000000
0.000000 -0.662566 -0.105515 0.062990 0.000000
0.000000 -0.664240 -0.097184 0.063475 0.000000
0.000000 -0.665311 -0.092521 0.063742 0.000000
0.000000 -0.667435 -0.084459 0.064200 0.000000
0.000000 -0.668640 -0.080464 0.064426 0.000000
0.000000 -0.671013 -0.073555 0.064821 0.000000
0.000000 -0.672637 -0.069423 0.065061 0.000000
0.000000 -0.675866 -0.062330 0.065482 0.000000
0.000000 -0.677496 -0.059211 0.065672 0.000000
0.000000 -0.680675 -0.053822 0.066011 0.000000
0.000000 -0.683266 -0.049983 0.066261 0.000000
0.000000 -0.687800 -0.044188 0.066657 0.000000
0.000000 -0.690157 -0.041547 0.066846 0.000000
0.000000 -0.694716 -0.036996 0.067184 0.000000
0.000000 -0.698173 -0.033945 0.067422 0.000000
0.000000 -0.704725 -0.028883 0.067836 0.000000
0.000000 -0.707603 -0.026899 0.068006 0.000000
0.000000 -0.713061 -0.023450 0.068312 0.000000
0.000000 -0.718234 -0.020492 0.068586 0.000000
0.000000 -0.724834 -0.017058 0.068917 0.000000
0.000000 -0.730036 -0.014564 0.069166 0.000000
0.000000 -0.738729 -0.010714 0.069563 0.000000
0.000000 -0.743078 -0.008903 0.069756 0.000000
0.000000 -0.751186 -0.005678 0.070106 0.000000
0.000000 -0.757071 -0.003429 0.070355 0.000000
0.000000 -0.767822 0.000558 0.070803 0.000000
0.000000 -0.772287 0.002189 0.070987 0.000000
0.000000 -0.780489 0.005180 0.071325 0.000000
0.000000 -0.788168 0.008004 0.071642 0.000000
0.000000 -0.797245 0.011415 0.072018 0.000000
0.000000 -0.804571 0.014258 0.072324 0.000000
0.000000 -0.815294 0.018622 0.072778 0.000000
0.000000 -0.821320 0.021205 0.073035 0.000000
0.000000 -0.832195 0.026169 0.073505 0.000000
0.000000 -0.838190 0.029099 0.073767 0.000000
0.000000 -0.848912 0.034752 0.074239 0.000000
0.000000 -0.854865 0.038154 0.074501 0.000000
0.000000 -0.865396 0.044721 0.074965 0.000000
0.000000 -0.871018 0.048560 0.075210 0.000000
0.000000 -0.880835 0.055933 0.075628 0.000000
0.000000 -0.886230 0.060411 0.075851 0.000000
0.000000 -0.895484 0.068971 0.076212 0.000000
0.000000 -0.900137 0.073785 0.076379 0.000000
0.000000 -0.907966 0.082888 0.076629 0.000000
0.000000 -0.912252 0.088553 0.076741 0.000000
0.000000 -0.919195 0.099196 0.076867 0.000000
0.000000 -0.922256 0.104694 0.076889 0.000000
0.000000 -0.927040 0.114877 0.076855 0.000000
0.000000 -0.929655 0.121762 0.076778 0.000000
0.000000 -0.933212 0.134420 0.076524 0.000000
0.000000 -0.934252 0.139830 0.076371 0.000000
0.000000 -0.935413 0.149628 0.076026 0.000000
0.000000 -0.935667 0.158033 0.075659 0.000000
0.000000 -0.934972 0.168825 0.075088 0.000000
0.000000 -0.933861 0.175982 0.074646 0.000000
0.000000 -0.930568 0.188611 0.073731 0.000000
0.000000 -0.928749 0.193670 0.073313 0.000000
0.000000 -0.924812 0.202548 0.072501 0.000000
0.000000 -0.920607 0.210189 0.071715 0.000000
0.000000 -0.914719 0.219002 0.070695 0.000000
0.000000 -0.909789 0.225261 0.069887 0.000000
0.000000 -0.901068 0.234638 0.068522 0.000000
0.000000 -0.896589 0.238824 0.067843 0.000000
0.000000 -0.888062 0.245901 0.066579 0.000000
0.000000 -0.881698 0.250558 0.065654 0.000000
0.000000 -0.870217 0.257892 0.064009 0.000000
0.000000 -0.865252 0.260708 0.063304 0.000000
0.000000 -0.856145 0.265402 0.062015 0.000000
0.000000 -0.848151 0.269082 0.060885 0.000000
0.000000 -0.837908 0.273279 0.059433 0.000000
0.000000 -0.830802 0.275889 0.058420 0.000000
0.000000 -0.818054 0.280035 0.056584 0.000000
0.000000 -0.813094 0.281482 0.055860 0.000000
0.000000 -0.804245 0.283857 0.054553 0.000000
0.000000 -0.795894 0.285878 0.053297 0.000000
0.000000 -0.787059 0.287810 0.051939 0.000000
0.000000 -0.779349 0.289342 0.050727 0.000000
0.000000 -0.770314 0.290979 0.049266 0.000000
0.000000 -0.763769 0.292073 0.048176 0.000000
0.000000 -0.753728 0.293630 0.046442 0.000000
0.000000 -0.749144 0.294303 0.045620 0.000000
0.000000 -0.741208 0.295430 0.044147 0.000000
0.000000 -0.735831 0.296179 0.043104 0.000000
0.000000 -0.727077 0.297408 0.041313 0.000000
0.000000 -0.723623 0.297908 0.040567 0.000000
0.000000 -0.717715 0.298804 0.039228 0.000000
0.000000 -0.712920 0.299588 0.038070 0.000000
0.000000 -0.707310 0.300608 0.036614 0.000000
0.000000 -0.703699 0.301348 0.035601 0.000000
0.000000 -0.697866 0.302751 0.033803 0.000000
0.000000 -0.695753 0.303348 0.033085 0.000000
0.000000 -0.692249 0.304484 0.031792 0.000000
0.000000 -0.689326 0.305626 0.030582 0.000000
0.000000 -0.686435 0.307013 0.029219 0.000000
0.000000 -0.684322 0.308270 0.028070 0.000000
0.000000 -0.681951 0.310078 0.026536 0.000000
0.000000 -0.680682 0.311330 0.025544 0.000000
0.000000 -0.678880 0.313770 0.023744 0.000000
0.000000 -0.678283 0.314919 0.022948 0.000000
0.000000 -0.677493 0.317111 0.021504 0.000000
0.000000 -0.677118 0.318992 0.020332 0.000000
0.000000 -0.676966 0.321850 0.018649 0.000000
0.000000 -0.677076 0.323586 0.017675 0.000000
0.000000 -0.677623 0.326891 0.015901 0.000000
0.000000 -0.678088 0.328725 0.014957 0.000000
0.000000 -0.679219 0.332179 0.013239 0.000000
0.000000 -0.680082 0.334356 0.012191 0.000000
0.000000 -0.681965 0.338442 0.010284 0.000000
0.000000 -0.683034 0.340503 0.009346 0.000000
0.000000 -0.685201 0.344323 0.007641 0.000000
0.000000 -0.686864 0.347015 0.006459 0.000000
0.000000 -0.690215 0.351991 0.004305 0.000000
0.000000 -0.691670 0.354000 0.003442 0.000000
0.000000 -0.694467 0.357661 0.001874 0.000000
0.000000 -0.697315 0.361153 0.000377 0.000000
0.000000 -0.700688 0.365029 -0.001296 0.000000
0.000000 -0.703792 0.368375 -0.002757 0.000000
0.000000 -0.707983 0.372596 -0.004635 0.000000
0.000000 -0.711035 0.375474 -0.005947 0.000000
0.000000 -0.716844 0.380538 -0.008341 0.000000
0.000000 -0.719225 0.382464 -0.009288 0.000000
0.000000 -0.723655 0.385832 -0.011009 0.000000
0.000000 -0.728077 0.388925 -0.012680 0.000000
0.000000 -0.733000 0.392062 -0.014497 0.000000
0.000000 -0.737571 0.394696 -0.016148 0.000000
0.000000 -0.743179 0.397570 -0.018138 0.000000
0.000000 -0.747554 0.399541 -0.019668 0.000000
0.000000 -0.754494 0.402187 -0.022063 0.000000
0.000000 -0.758014 0.403304 -0.023266 0.000000
0.000000 -0.764445 0.404955 -0.025449 0.000000
0.000000 -0.768742 0.405776 -0.026899 0.000000
0.000000 -0.776568 0.406685 -0.029529 0.000000
0.000000 -0.779890 0.406840 -0.030643 0.000000
0.000000 -0.785902 0.406767 -0.032656 0.000000
0.000000 -0.791085 0.406335 -0.034392 0.000000
0.000000 -0.797748 0.405267 -0.036626 0.000000
0.000000 -0.802263 0.404211 -0.038143 0.000000
0.000000 -0.810372 0.401620 -0.040877 0.000000
0.000000 -0.813628 0.400325 -0.041978 0.000000
0.000000 -0.819462 0.397627 -0.043958 0.000000
0.000000 -0.824775 0.394737 -0.045769 0.000000
0.000000 -0.830837 0.390918 -0.047846 0.000000
0.000000 -0.835664 0.387462 -0.049509 0.000000
0.000000 -0.842385 0.382003 -0.051839 0.000000
0.000000 -0.846214 0.378540 -0.053174 0.000000
0.000000 -0.852967 0.371755 -0.055545 0.000000
0.000000 -0.856395 0.367962 -0.056757 0.000000
0.000000 -0.862417 0.360672 -0.058903 0.000000
0.000000 -0.866035 0.355879 -0.060203 0.000000
0.000000 -0.872330 0.346706 -0.062488 0.000000
0.000000 -0.875171 0.342185 -0.063530 0.000000
0.000000 -0.880110 0.333684 -0.065360 0.000000
0.000000 -0.883556 0.327213 -0.066653 0.000000
0.000000 -0.888985 0.315953 -0.068724 0.000000
0.000000 -0.891275 0.310755 -0.069611 0.000000
0.000000 -0.895198 0.301109 -0.071156 0.000000
0.000000 -0.898106 0.293251 -0.072324 0.000000
0.000000 -0.902060 0.281355 -0.073956 0.000000
0.000000 -0.904060 0.274683 -0.074804 0.000000
0.000000 -0.907372 0.262370 -0.076255 0.000000
0.000000 -0.909094 0.255176 -0.077038 0.000000
0.000000 -0.911876 0.241945 -0.078362 0.000000
0.000000 -0.913188 0.234779 -0.079020 0.000000
0.000000 -0.915251 0.221660 -0.080123 0.000000
0.000000 -0.916299 0.213717 -0.080730 0.000000
0.000000 -0.917840 0.199208 -0.081722 0.000000
0.000000 -0.918442 0.191924 -0.082165 0.000000
0.000000 -0.919254 0.178680 -0.082879 0.000000
0.000000 -0.919603 0.169805 -0.083292 0.000000
0.000000 -0.919854 0.153704 -0.083907 0.000000
0.000000 -0.919821 0.146967 -0.084113 0.000000
0.000000 -0.919561 0.134804 -0.084409 0.000000
0.000000 -0.919132 0.124173 -0.084585 0.000000
0.000000 -0.918341 0.110893 -0.084698 0.000000
0.000000 -0.917620 0.101529 -0.084703 0.000000
0.000000 -0.916063 0.085317 -0.084566 0.000000
0.000000 -0.915317 0.078665 -0.084455 0.000000
0.000000 -0.913830 0.066769 -0.084174 0.000000
0.000000 -0.912374 0.056353 -0.083839 0.000000
0.000000 -0.910420 0.043722 -0.083319 0.000000
0.000000 -0.908898 0.034662 -0.082866 0.000000
0.000000 -0.906191 0.019796 -0.081974 0.000000
0.000000 -0.904936 0.013323 -0.081525 0.000000
0.000000 -0.902602 0.001839 -0.080637 0.000000
0.000000 -0.900689 -0.007131 -0.079859 0.000000
0.000000 -0.897851 -0.019855 -0.078622 0.000000
0.000000 -0.896242 -0.026816 -0.077877 0.000000
0.000000 -0.893313 -0.039106 -0.076441 0.000000
0.000000 -0.891688 -0.045756 -0.075596 0.000000
0.000000 -0.888757 -0.057494 -0.073987 0.000000
0.000000 -0.887118 -0.063947 -0.073035 0.000000
0.000000 -0.884183 -0.075333 -0.071237 0.000000
0.000000 -0.882594 -0.081434 -0.070208 0.000000
0.000000 -0.879768 -0.092202 -0.068280 0.000000
0.000000 -0.878183 -0.098214 -0.067139 0.000000
0.000000 -0.875381 -0.108819 -0.065008 0.000000
0.000000 -0.873920 -0.114362 -0.063832 0.000000
0.000000 -0.871351 -0.124145 -0.061651 0.000000
0.000000 -0.869874 -0.129820 -0.060320 0.000000
0.000000 -0.867303 -0.139814 -0.057856 0.000000
0.000000 -0.866063 -0.144715 -0.056589 0.000000
0.000000 -0.863920 -0.153355 -0.054256 0.000000
0.000000 -0.862587 -0.158872 -0.052696 0.000000
0.000000 -0.860333 -0.168542 -0.049823 0.000000
0.000000 -0.859433 -0.172575 -0.048568 0.000000
0.000000 -0.857914 -0.179675 -0.046274 0.000000
0.000000 -0.856752 -0.185455 -0.044320 0.000000
0.000000 -0.855364 -0.192949 -0.041661 0.000000
0.000000 -0.854591 -0.197549 -0.039951 0.000000
0.000000 -0.853420 -0.205546 -0.036823 0.000000
0.000000 -0.852993 -0.209027 -0.035394 0.000000
0.000000 -0.852386 -0.215095 -0.032790 0.000000
0.000000 -0.852067 -0.219606 -0.030752 0.000000
0.000000 -0.851846 -0.226124 -0.027627 0.000000
0.000000 -0.851860 -0.229357 -0.025985 0.000000
0.000000 -0.852113 -0.234910 -0.022997 0.000000
0.000000 -0.852420 -0.238171 -0.021127 0.000000
0.000000 -0.853266 -0.243684 -0.017719 0.000000
0.000000 -0.853794 -0.246095 -0.016112 0.000000
0.000000 -0.854955 -0.250162 -0.013191 0.000000
0.000000 -0.855977 -0.252907 -0.011034 0.000000
0.000000 -0.857971 -0.256977 -0.007446 0.000000
0.000000 -0.859005 -0.258633 -0.005803 0.000000
0.000000 -0.861064 -0.261302 -0.002823 0.000000
0.000000 -0.862807 -0.263059 -0.000527 0.000000
0.000000 -0.865758 -0.265258 0.003031 0.000000
0.000000 -0.867377 -0.266131 0.004846 0.000000
0.000000 -0.870490 -0.267273 0.008133 0.000000
0.000000 -0.872617 -0.267704 0.010254 0.000000
0.000000 -0.876675 -0.267860 0.014087 0.000000
0.000000 -0.878549 -0.267667 0.015778 0.000000
0.000000 -0.882042 -0.266902 0.018825 0.000000
0.000000 -0.884938 -0.265892 0.021264 0.000000
0.000000 -0.889208 -0.263814 0.024747 0.000000
0.000000 -0.891684 -0.262297 0.026713 0.000000
0.000000 -0.896208 -0.258938 0.030230 0.000000
0.000000 -0.898665 -0.256794 0.032106 0.000000
0.000000 -0.903101 -0.252333 0.035447 0.000000
0.000000 -0.905693 -0.249364 0.037377 0.000000
0.000000 -0.910313 -0.243352 0.040796 0.000000
0.000000 -0.912642 -0.239950 0.042514 0.000000
0.000000 -0.916748 -0.233274 0.045546 0.000000
0.000000 -0.919278 -0.228681 0.047424 0.000000
0.000000 -0.923655 -0.219728 0.050713 0.000000
0.000000 -0.925538 -0.215424 0.052149 0.000000
0.000000 -0.928773 -0.207256 0.054667 0.000000
0.000000 -0.931133 -0.200563 0.056556 0.000000
0.000000 -0.934399 -0.189961 0.059283 0.000000
0.000000 -0.935978 -0.184128 0.060664 0.000000
0.000000 -0.938555 -0.173216 0.063053 0.000000
0.000000 -0.939945 -0.166368 0.064438 0.000000
0.000000 -0.942105 -0.153618 0.066811 0.000000
0.000000 -0.942992 -0.147269 0.067905 0.000000
0.000000 -0.944320 -0.135570 0.069781 0.000000
0.000000 -0.945036 -0.127300 0.071008 0.000000
0.000000 -0.945909 -0.112101 0.073071 0.000000
0.000000 -0.946111 -0.106030 0.073831 0.000000
0.000000 -0.946276 -0.094969 0.075127 0.000000
0.000000 -0.946203 -0.084249 0.076282 0.000000
0.000000 -0.945880 -0.072516 0.077438 0.000000
0.000000 -0.945390 -0.061972 0.078386 0.000000
0.000000 -0.944553 -0.049079 0.079434 0.000000
0.000000 -0.943772 -0.039463 0.080139 0.000000
0.000000 -0.942236 -0.023823 0.081152 0.000000
0.000000 -0.941417 -0.016524 0.081570 0.000000
0.000000 -0.939784 -0.003348 0.082237 0.000000
0.000000 -0.938461 0.006359 0.082659 0.000000
0.000000 -0.936084 0.022267 0.083223 0.000000
0.000000 -0.934920 0.029519 0.083429 0.000000
0.000000 -0.932702 0.042568 0.083720 0.000000
0.000000 -0.930920 0.052458 0.083871 0.000000
0.000000 -0.927978 0.067822 0.083992 0.000000
0.000000 -0.926451 0.075412 0.083999 0.000000
0.000000 -0.923587 0.089036 0.083927 0.000000
0.000000 -0.921600 0.098084 0.083817 0.000000
0.000000 -0.917871 0.114296 0.083499 0.000000
0.000000 -0.916273 0.120981 0.083322 0.000000
0.000000 -0.913323 0.132961 0.082938 0.000000
0.000000 -0.910651 0.143449 0.082530 0.000000
0.000000 -0.907275 0.156261 0.081939 0.000000
0.000000 -0.904768 0.165505 0.081450 0.000000
0.000000 -0.900507 0.180734 0.080524 0.000000
0.000000 -0.898575 0.187471 0.080066 0.000000
0.000000 -0.895053 0.199502 0.079173 0.000000
0.000000 -0.892260 0.208841 0.078411 0.000000
0.000000 -0.888095 0.222478 0.077186 0.000000
0.000000 -0.885835 0.229752 0.076477 0.000000
0.000000 -0.881757 0.242688 0.075113 0.000000
0.000000 -0.879388 0.250107 0.074270 0.000000
0.000000 -0.875138 0.263268 0.072658 0.000000
0.000000 -0.872960 0.269961 0.071779 0.000000
0.000000 -0.869076 0.281825 0.070116 0.000000
0.000000 -0.866688 0.289093 0.069028 0.000000
0.000000 -0.862467 0.301921 0.066970 0.000000
0.000000 -0.860560 0.307729 0.065976 0.000000
0.000000 -0.857202 0.317992 0.064121 0.000000
0.000000 -0.854777 0.325457 0.062685 0.000000
0.000000 -0.851018 0.337154 0.060279 0.000000
0.000000 -0.849322 0.342507 0.059110 0.000000
0.000000 -0.846386 0.351916 0.056940 0.000000
0.000000 -0.844358 0.358553 0.055315 0.000000
0.000000 -0.841174 0.369261 0.052512 0.000000
0.000000 -0.839852 0.373851 0.051236 0.000000
0.000000 -0.837610 0.381874 0.048885 0.000000
0.000000 -0.835960 0.388025 0.046969 0.000000
0.000000 -0.833791 0.396549 0.044129 0.000000
0.000000 -0.832691 0.401132 0.042503 0.000000
0.000000 -0.830922 0.409025 0.039514 0.000000
0.000000 -0.830073 0.413151 0.037844 0.000000
0.000000 -0.828762 0.420214 0.034782 0.000000
0.000000 -0.828146 0.424008 0.033015 0.000000
0.000000 -0.827274 0.430438 0.029783 0.000000
0.000000 -0.826934 0.433675 0.028022 0.000000
0.000000 -0.826553 0.439110 0.024810 0.000000
0.000000 -0.826469 0.442059 0.022903 0.000000
0.000000 -0.826579 0.446916 0.019432 0.000000
0.000000 -0.826766 0.449163 0.017645 0.000000
0.000000 -0.827324 0.452813 0.014403 0.000000
0.000000 -0.827829 0.454869 0.012323 0.000000
0.000000 -0.829023 0.458033 0.008553 0.000000
0.000000 -0.829674 0.459219 0.006865 0.000000
0.000000 -0.831025 0.460998 0.003816 0.000000
0.000000 -0.832244 0.462070 0.001419 0.000000
0.000000 -0.834292 0.463128 -0.002129 0.000000
0.000000 -0.835512 0.463434 -0.004034 0.000000
0.000000 -0.837906 0.463517 -0.007458 0.000000
0.000000 -0.839421 0.463284 -0.009454 0.000000
0.000000 -0.842346 0.462336 -0.013030 0.000000
0.000000 -0.843937 0.461588 -0.014847 0.000000
0.000000 -0.846948 0.459787 -0.018096 0.000000
0.000000 -0.848950 0.458343 -0.020138 0.000000
0.000000 -0.852713 0.455145 -0.023775 0.000000
0.000000 -0.854468 0.453457 -0.025393 0.000000
0.000000 -0.857711 0.450023 -0.028274 0.000000
0.000000 -0.860292 0.447011 -0.030479 0.000000
0.000000 -0.864251 0.441913 -0.033737 0.000000
0.000000 -0.866369 0.438953 -0.035425 0.000000
0.000000 -0.870219 0.433143 -0.038414 0.000000
0.000000 -0.872565 0.429330 -0.040190 0.000000
0.000000 -0.876789 0.421900 -0.043318 0.000000
0.000000 -0.878829 0.418043 -0.044801 0.000000
0.000000 -0.882474 0.410680 -0.047413 0.000000
0.000000 -0.884958 0.405293 -0.049169 0.000000
0.000000 -0.889334 0.394970 -0.052233 0.000000
0.000000 -0.891010 0.390713 -0.053397 0.000000
0.000000 -0.893960 0.382754 -0.055438 0.000000
0.000000 -0.896695 0.374781 -0.057327 0.000000
0.000000 -0.899528 0.365822 -0.059284 0.000000
0.000000 -0.901953 0.357497 -0.060964 0.000000
0.000000 -0.904718 0.347121 -0.062891 0.000000
0.000000 -0.906677 0.339082 -0.064268 0.000000
0.000000 -0.909566 0.325931 -0.066321 0.000000
0.000000 -0.910856 0.319448 -0.067251 0.000000
0.000000 -0.913012 0.307520 -0.068826 0.000000
0.000000 -0.914390 0.299006 -0.069851 0.000000
0.000000 -0.916560 0.283588 -0.071510 0.000000
0.000000 -0.917334 0.277309 -0.072117 0.000000
0.000000 -0.918589 0.265869 -0.073124 0.000000
0.000000 -0.919593 0.255108 -0.073959 0.000000
0.000000 -0.920549 0.242745 -0.074790 0.000000
0.000000 -0.921191 0.232467 -0.075380 0.000000
0.000000 -0.921861 0.218284 -0.076048 0.000000
0.000000 -0.922155 0.209567 -0.076375 0.000000
0.000000 -0.922467 0.193802 -0.076811 0.000000
0.000000 -0.922522 0.186261 -0.076949 0.000000
0.000000 -0.922471 0.172671 -0.077083 0.000000
0.000000 -0.922323 0.163067 -0.077091 0.000000
0.000000 -0.921852 0.146448 -0.076932 0.000000
0.000000 -0.921582 0.139557 -0.076802 0.000000
0.000000 -0.920987 0.127202 -0.076475 0.000000
0.000000 -0.920360 0.116482 -0.076093 0.000000
0.000000 -0.919446 0.103232 -0.075491 0.000000
0.000000 -0.918714 0.093913 -0.074980 0.000000
0.000000 -0.917303 0.078047 -0.073941 0.000000
0.000000 -0.916662 0.071488 -0.073447 0.000000
0.000000 -0.915444 0.059826 -0.072473 0.000000
0.000000 -0.914333 0.049920 -0.071546 0.000000
0.000000 -0.912854 0.037550 -0.070254 0.000000
0.000000 -0.911809 0.029244 -0.069299 0.000000
0.000000 -0.909881 0.014651 -0.067440 0.000000
0.000000 -0.909109 0.009007 -0.066656 0.000000
0.000000 -0.907718 -0.000950 -0.065178 0.000000
0.000000 -0.906415 -0.010085 -0.063711 0.000000
0.000000 -0.904990 -0.019929 -0.062000 0.000000
0.000000 -0.903802 -0.028076 -0.060475 0.000000
0.000000 -0.902314 -0.038282 -0.058412 0.000000
0.000000 -0.901364 -0.044853 -0.056987 0.000000
0.000000 -0.899747 -0.056218 -0.054322 0.000000
0.000000 -0.899120 -0.060749 -0.053182 0.000000
0.000000 -0.898062 -0.068638 -0.051080 0.000000
0.000000 -0.897211 -0.075291 -0.049181 0.000000
0.000000 -0.896275 -0.083112 -0.046780 0.000000
0.000000 -0.895682 -0.088520 -0.045000 0.000000
0.000000 -0.894858 -0.097052 -0.041962 0.000000
0.000000 -0.894565 -0.100638 -0.040589 0.000000
0.000000 -0.894154 -0.106786 -0.038080 0.000000
0.000000 -0.893939 -0.111371 -0.036065 0.000000
0.000000 -0.893807 -0.117602 -0.033085 0.000000
0.000000 -0.893830 -0.120817 -0.031419 0.000000
0.000000 -0.894046 -0.126198 -0.028386 0.000000
0.000000 -0.894269 -0.128980 -0.026673 0.000000
0.000000 -0.894852 -0.133572 -0.023563 0.000000
0.000000 -0.895275 -0.135861 -0.021846 0.000000
0.000000 -0.896218 -0.139576 -0.018737 0.000000
0.000000 -0.896858 -0.141445 -0.016968 0.000000
0.000000 -0.898199 -0.144384 -0.013772 0.000000
0.000000 -0.899022 -0.145736 -0.012048 0.000000
0.000000 -0.900678 -0.147764 -0.008940 0.000000
0.000000 -0.901750 -0.148707 -0.007124 0.000000
0.000000 -0.903865 -0.149949 -0.003857 0.000000
0.000000 -0.905041 -0.150358 -0.002185 0.000000
0.000000 -0.907309 -0.150702 0.000819 0.000000
0.000000 -0.908836 -0.150659 0.002708 0.000000
0.000000 -0.911761 -0.150067 0.006092 0.000000
0.000000 -0.913157 -0.149581 0.007616 0.000000
0.000000 -0.915772 -0.148361 0.010343 0.000000
0.000000 -0.917862 -0.147121 0.012420 0.000000
0.000000 -0.921170 -0.144721 0.015559 0.000000
0.000000 -0.922917 -0.143249 0.017153 0.000000
0.000000 -0.926131 -0.140188 0.019992 0.000000
0.000000 -0.928193 -0.137987 0.021758 0.000000
0.000000 -0.931950 -0.133493 0.024888 0.000000
0.000000 -0.933667 -0.131230 0.026285 0.000000
0.000000 -0.936760 -0.126803 0.028761 0.000000
0.000000 -0.939113 -0.123119 0.030615 0.000000
0.000000 -0.942692 -0.116945 0.033401 0.000000
0.000000 -0.944474 -0.113593 0.034775 0.000000
0.000000 -0.947615 -0.107176 0.037189 0.000000
0.000000 -0.949586 -0.102782 0.038701 0.000000
0.000000 -0.953002 -0.094379 0.041331 0.000000
0.000000 -0.954436 -0.090512 0.042441 0.000000
0.000000 -0.956912 -0.083263 0.044376 0.000000
0.000000 -0.958809 -0.077138 0.045880 0.000000
0.000000 -0.961306 -0.068121 0.047901 0.000000
0.000000 -0.962653 -0.062694 0.049018 0.000000
0.000000 -0.964874 -0.052588 0.050923 0.000000
0.000000 -0.965917 -0.047194 0.051854 0.000000
0.000000 -0.967601 -0.037226 0.053432 0.000000
0.000000 -0.968519 -0.030882 0.054346 0.000000
0.000000 -0.969909 -0.019190 0.055863 0.000000
0.000000 -0.970441 -0.013650 0.056510 0.000000
0.000000 -0.971211 -0.003523 0.057582 0.000000
0.000000 -0.971623 0.004052 0.058295 0.000000
0.000000 -0.972008 0.016553 0.059311 0.000000
0.000000 -0.972069 0.022383 0.059721 0.000000
0.000000 -0.971993 0.032959 0.060362 0.000000
0.000000 -0.971784 0.040887 0.060760 0.000000
0.000000 -0.971183 0.053627 0.061255 0.000000
0.000000 -0.970788 0.059703 0.061429 0.000000
0.000000 -0.969902 0.070653 0.061646 0.000000
0.000000 -0.969143 0.078425 0.061724 0.000000
0.000000 -0.967592 0.091772 0.061713 0.000000
0.000000 -0.966854 0.097374 0.061654 0.000000
0.000000 -0.965404 0.107413 0.061468 0.000000
0.000000 -0.964044 0.115965 0.061230 0.000000
0.000000 -0.962153 0.126851 0.060818 0.000000
0.000000 -0.960788 0.134160 0.060474 0.000000
0.000000 -0.958171 0.147163 0.059724 0.000000
0.000000 -0.957066 0.152345 0.059377 0.000000
0.000000 -0.955011 0.161577 0.058686 0.000000
0.000000 -0.953063 0.169917 0.057984 0.000000
0.000000 -0.950737 0.179440 0.057087 0.000000
0.000000 -0.948846 0.186886 0.056315 0.000000
0.000000 -0.946052 0.197480 0.055103 0.000000
0.000000 -0.944482 0.203248 0.054386 0.000000
0.000000 -0.941633 0.213427 0.053016 0.000000
0.000000 -0.940042 0.218974 0.052212 0.000000
0.000000 -0.937180 0.228738 0.050690 0.000000
0.000000 -0.935604 0.234018 0.049808 0.000000
0.000000 -0.932792 0.243285 0.048151 0.000000
0.000000 -0.931245 0.248324 0.047189 0.000000
0.000000 -0.928512 0.257141 0.045392 0.000000
0.000000 -0.927042 0.261856 0.044368 0.000000
0.000000 -0.924470 0.270080 0.042466 0.000000
0.000000 -0.923071 0.274556 0.041363 0.000000
0.000000 -0.920650 0.282330 0.039322 0.000000
0.000000 -0.919392 0.286402 0.038183 0.000000
0.000000 -0.917239 0.293446 0.036083 0.000000
0.000000 -0.916074 0.297323 0.034850 0.000000
0.000000 -0.914110 0.303983 0.032583 0.000000
0.000000 -0.913151 0.307323 0.031365 0.000000
0.000000 -0.911558 0.313036 0.029135 0.000000
0.000000 -0.910681 0.316302 0.027763 0.000000
0.000000 -0.909271 0.321815 0.025252 0.000000
0.000000 -0.908668 0.324316 0.024016 0.000000
0.000000 -0.907716 0.328531 0.021761 0.000000
0.000000 -0.907163 0.331214 0.020189 0.000000
0.000000 -0.906376 0.335586 0.017318 0.000000
0.000000 -0.906143 0.337142 0.016176 0.000000
0.000000 -0.905831 0.339708 0.014102 0.000000
0.000000 -0.905663 0.341868 0.012105 0.000000
0.000000 -0.905623 0.343903 0.009906 0.000000
0.000000 -0.905710 0.345409 0.007961 0.000000
0.000000 -0.905975 0.346912 0.005524 0.000000
0.000000 -0.906269 0.347731 0.003779 0.000000
0.000000 -0.906973 0.348647 0.000749 0.000000
0.000000 -0.907343 0.348843 -0.000524 0.000000
0.000000 -0.908114 0.348914 -0.002825 0.000000
0.000000 -0.908891 0.348681 -0.004824 0.000000
0.000000 -0.910008 0.347991 -0.007356 0.000000
0.000000 -0.910870 0.347251 -0.009114 0.000000
0.000000 -0.912570 0.345392 -0.012251 0.000000
0.000000 -0.913300 0.344466 -0.013491 0.000000
0.000000 -0.914688 0.342524 -0.015717 0.000000
0.000000 -0.916079 0.340367 -0.017809 0.000000
0.000000 -0.917697 0.337623 -0.020101 0.000000
0.000000 -0.919162 0.334940 -0.022070 0.000000
0.000000 -0.921091 0.331136 -0.024536 0.000000
0.000000 -0.922476 0.328224 -0.026232 0.000000
0.000000 -0.925023 0.322487 -0.029213 0.000000
0.000000 -0.926060 0.320016 -0.030381 0.000000
0.000000 -0.927954 0.315295 -0.032456 0.000000
0.000000 -0.929758 0.310551 -0.034369 0.000000
0.000000 -0.931797 0.304898 -0.036463 0.000000
0.000000 -0.933535 0.299828 -0.038197 0.000000
0.000000 -0.935831 0.292763 -0.040422 0.000000
0.000000 -0.937325 0.287938 -0.041831 0.000000
0.000000 -0.940006 0.278793 -0.044290 0.000000
0.000000 -0.941159 0.274672 -0.045319 0.000000
0.000000 -0.943220 0.266993 -0.047120 0.000000
0.000000 -0.944904 0.260410 -0.048554 0.000000
0.000000 -0.947173 0.251077 -0.050432 0.000000
0.000000 -0.948540 0.245184 -0.051533 0.000000
0.000000 -0.950951 0.234236 -0.053419 0.000000
0.000000 -0.952077 0.228879 -0.054272 0.000000
0.000000 -0.954060 0.219011 -0.055733 0.000000
0.000000 -0.955431 0.211852 -0.056708 0.000000
0.000000 -0.957721 0.199185 -0.058271 0.000000
0.000000 -0.958651 0.193783 -0.058878 0.000000
0.000000 -0.960277 0.183914 -0.059899 0.000000
0.000000 -0.961635 0.175224 -0.060708 0.000000
0.000000 -0.963274 0.164106 -0.061625 0.000000
0.000000 -0.964369 0.156245 -0.062195 0.000000
0.000000 -0.966195 0.142184 -0.063061 0.000000
0.000000 -0.966892 0.136464 -0.063358 0.000000
0.000000 -0.968087 0.126104 -0.063815 0.000000
0.000000 -0.969112 0.116550 -0.064147 0.000000
0.000000 -0.970210 0.105445 -0.064423 0.000000
0.000000 -0.971019 0.096540 -0.064562 0.000000
0.000000 -0.972069 0.083738 -0.064630 0.000000
0.000000 -0.972604 0.076513 -0.064601 0.000000
0.000000 -0.973456 0.063525 -0.064422 0.000000
0.000000 -0.973859 0.056522 -0.064259 0.000000
0.000000 -0.974478 0.043971 -0.063844 0.000000
0.000000 -0.974775 0.036747 -0.063534 0.000000
0.000000 -0.975193 0.023846 -0.062846 0.000000
0.000000 -0.975353 0.017205 -0.062422 0.000000
0.000000 -0.975541 0.005376 -0.061546 0.000000
0.000000 -0.975595 -0.001838 -0.060932 0.000000
0.000000 -0.975572 -0.014627 -0.059689 0.000000
0.000000 -0.975511 -0.020522 -0.059046 0.000000
0.000000 -0.975321 -0.030963 -0.057791 0.000000
0.000000 -0.975120 -0.038402 -0.056802 0.000000
0.000000 -0.974675 -0.050459 -0.055017 0.000000
0.000000 -0.974436 -0.055707 -0.054165 0.000000
0.000000 -0.973942 -0.064940 -0.052546 0.000000
0.000000 -0.973504 -0.071978 -0.051202 0.000000
0.000000 -0.972780 -0.082001 -0.049104 0.000000
0.000000 -0.972354 -0.087260 -0.047909 0.000000
0.000000 -0.971533 -0.096389 -0.045662 0.000000
0.000000 -0.971033 -0.101442 -0.044314 0.000000
0.000000 -0.970091 -0.110145 -0.041792 0.000000
0.000000 -0.969581 -0.114497 -0.040423 0.000000
0.000000 -0.968640 -0.121959 -0.037883 0.000000
0.000000 -0.968059 -0.126262 -0.036290 0.000000
0.000000 -0.967004 -0.133534 -0.033339 0.000000
0.000000 -0.966501 -0.136798 -0.031890 0.000000
0.000000 -0.965605 -0.142307 -0.029229 0.000000
0.000000 -0.964989 -0.145882 -0.027325 0.000000
0.000000 -0.963939 -0.151596 -0.023900 0.000000
0.000000 -0.963533 -0.153690 -0.022495 0.000000
0.000000 -0.962832 -0.157143 -0.019935 0.000000
0.000000 -0.962230 -0.159942 -0.017565 0.000000
0.000000 -0.961583 -0.162764 -0.014777 0.000000
0.000000 -0.961116 -0.164662 -0.012555 0.000000
0.000000 -0.960511 -0.166902 -0.009282 0.000000
0.000000 -0.960222 -0.167861 -0.007478 0.000000
0.000000 -0.959780 -0.169105 -0.004221 0.000000
0.000000 -0.959578 -0.169534 -0.002369 0.000000
0.000000 -0.959302 -0.169803 0.000965 0.000000
0.000000 -0.959203 -0.169680 0.002755 0.000000
0.000000 -0.959113 -0.168988 0.005967 0.000000
0.000000 -0.959114 -0.168302 0.007842 0.000000
0.000000 -0.959214 -0.166547 0.011196 0.000000
0.000000 -0.959316 -0.165396 0.012896 0.000000
0.000000 -0.959580 -0.162887 0.015930 0.000000
0.000000 -0.959804 -0.161004 0.017841 0.000000
0.000000 -0.960310 -0.157052 0.021237 0.000000
0.000000 -0.960579 -0.155053 0.022735 0.000000
0.000000 -0.961128 -0.151100 0.025399 0.000000
0.000000 -0.961611 -0.147694 0.027447 0.000000
0.000000 -0.962408 -0.142134 0.030428 0.000000
0.000000 -0.962874 -0.138913 0.031994 0.000000
0.000000 -0.963769 -0.132692 0.034755 0.000000
0.000000 -0.964328 -0.128784 0.036342 0.000000
0.000000 -0.965383 -0.121296 0.039125 0.000000
0.000000 -0.965939 -0.117284 0.040497 0.000000
0.000000 -0.966963 -0.109703 0.042899 0.000000
0.000000 -0.967634 -0.104594 0.044394 0.000000
0.000000 -0.968849 -0.094944 0.046986 0.000000
0.000000 -0.969384 -0.090523 0.048085 0.000000
0.000000 -0.970337 -0.082298 0.049995 0.000000
0.000000 -0.971087 -0.075461 0.051464 0.000000
0.000000 -0.972119 -0.065346 0.053459 0.000000
0.000000 -0.972682 -0.059412 0.054540 0.000000
0.000000 -0.973637 -0.048423 0.056381 0.000000
0.000000 -0.974113 -0.042397 0.057310 0.000000
0.000000 -0.974896 -0.031296 0.058881 0.000000
0.000000 -0.975311 -0.024592 0.059747 0.000000
0.000000 -0.975955 -0.012274 0.061188 0.000000
0.000000 -0.976228 -0.005961 0.061855 0.000000
0.000000 -0.976623 0.005577 0.062955 0.000000
0.000000 -0.976811 0.013183 0.063601 0.000000
0.000000 -0.977002 0.027068 0.064622 0.000000
0.000000 -0.977026 0.033130 0.065007 0.000000
0.000000 -0.976976 0.044131 0.065614 0.000000
0.000000 -0.976842 0.053289 0.066032 0.000000
0.000000 -0.976522 0.065830 0.066478 0.000000
0.000000 -0.976246 0.073615 0.066684 0.000000
0.000000 -0.975592 0.087677 0.066920 0.000000
0.000000 -0.975219 0.094276 0.066972 0.000000
0.000000 -0.974438 0.106157 0.066970 0.000000
0.000000 -0.973785 0.114781 0.066892 0.000000
0.000000 -0.972537 0.129095 0.066622 0.000000
0.000000 -0.971922 0.135424 0.066447 0.000000
0.000000 -0.970723 0.146762 0.066046 0.000000
0.000000 -0.969694 0.155656 0.065652 0.000000
0.000000 -0.968064 0.168554 0.064957 0.000000
0.000000 -0.967115 0.175538 0.064517 0.000000
0.000000 -0.965307 0.187970 0.063622 0.000000
0.000000 -0.964226 0.194961 0.063054 0.000000
0.000000 -0.962189 0.207364 0.061927 0.000000
0.000000 -0.961061 0.213883 0.061271 0.000000
0.000000 -0.958962 0.225422 0.059999 0.000000
0.000000 -0.957685 0.232124 0.059193 0.000000
0.000000 -0.955327 0.243935 0.057642 0.000000
0.000000 -0.954121 0.249738 0.056817 0.000000
0.000000 -0.951918 0.259953 0.055257 0.000000
0.000000 -0.950465 0.266450 0.054189 0.000000
0.000000 -0.947824 0.277798 0.052170 0.000000
0.000000 -0.946687 0.282529 0.051267 0.000000
0.000000 -0.944639 0.290822 0.049588 0.000000
0.000000 -0.942935 0.297511 0.048138 0.000000
0.000000 -0.940667 0.306144 0.046128 0.000000
0.000000 -0.939244 0.311408 0.044817 0.000000
0.000000 -0.936717 0.320478 0.042388 0.000000
0.000000 -0.935597 0.324391 0.041266 0.000000
0.000000 -0.933616 0.331159 0.039204 0.000000
0.000000 -0.932121 0.336139 0.037578 0.000000
0.000000 -0.929926 0.343242 0.035068 0.000000
0.000000 -0.928818 0.346741 0.033737 0.000000
0.000000 -0.926890 0.352685 0.031305 0.000000
0.000000 -0.925752 0.356108 0.029788 0.000000
0.000000 -0.923798 0.361825 0.027020 0.000000
0.000000 -0.922922 0.364325 0.025697 0.000000
0.000000 -0.921424 0.368498 0.023294 0.000000
0.000000 -0.920418 0.371230 0.021555 0.000000
0.000000 -0.918839 0.375371 0.018572 0.000000
0.000000 -0.918219 0.376950 0.017286 0.000000
0.000000 -0.917190 0.379496 0.014962 0.000000
0.000000 -0.916420 0.381333 0.013011 0.000000
0.000000 -0.915518 0.383377 0.010389 0.000000
0.000000 -0.915030 0.384421 0.008733 0.000000
0.000000 -0.914311 0.385821 0.005751 0.000000
0.000000 -0.914056 0.386255 0.004400 0.000000
0.000000 -0.913710 0.386721 0.001972 0.000000
0.000000 -0.913544 0.386805 0.000119 0.000000
0.000000 -0.913458 0.386477 -0.002712 0.000000
0.000000 -0.913494 0.386101 -0.004140 0.000000
0.000000 -0.913693 0.385070 -0.006694 0.000000
0.000000 -0.913913 0.384171 -0.008321 0.000000
0.000000 -0.914486 0.382089 -0.011219 0.000000
0.000000 -0.914811 0.380985 -0.012483 0.000000
0.000000 -0.915505 0.378713 -0.014733 0.000000
0.000000 -0.916161 0.376631 -0.016513 0.000000
0.000000 -0.917242 0.373263 -0.019011 0.000000
0.000000 -0.917937 0.371128 -0.020418 0.000000
0.000000 -0.919316 0.366907 -0.022906 0.000000
0.000000 -0.920113 0.364476 -0.024200 0.000000
0.000000 -0.921653 0.359767 -0.026483 0.000000
0.000000 -0.922636 0.356747 -0.027819 0.000000
0.000000 -0.924508 0.350935 -0.030164 0.000000
0.000000 -0.925478 0.347894 -0.031292 0.000000
0.000000 -0.927290 0.342135 -0.033270 0.000000
0.000000 -0.928548 0.338074 -0.034557 0.000000
0.000000 -0.930884 0.330367 -0.036794 0.000000
0.000000 -0.931868 0.327059 -0.037681 0.000000
0.000000 -0.933665 0.320901 -0.039230 0.000000
0.000000 -0.935294 0.315190 -0.040559 0.000000
0.000000 -0.937284 0.308020 -0.042098 0.000000
0.000000 -0.938773 0.302511 -0.043192 0.000000
0.000000 -0.941171 0.293336 -0.044860 0.000000
0.000000 -0.942295 0.288910 -0.045601 0.000000
0.000000 -0.944306 0.280751 -0.046870 0.000000
0.000000 -0.945754 0.274678 -0.047738 0.000000
0.000000 -0.948130 0.264296 -0.049081 0.000000
0.000000 -0.949166 0.259601 -0.049633 0.000000
0.000000 -0.950997 0.251010 -0.050562 0.000000
0.000000 -0.952416 0.244070 -0.051239 0.000000
0.000000 -0.954406 0.233846 -0.052121 0.000000
0.000000 -0.955481 0.228069 -0.052562 0.000000
0.000000 -0.957343 0.217540 -0.053264 0.000000
0.000000 -0.958330 0.211659 -0.053601 0.000000
0.000000 -0.960025 0.200975 -0.054115 0.000000
0.000000 -0.960928 0.194944 -0.054351 0.000000
0.000000 -0.962460 0.184021 -0.054681 0.000000
0.000000 -0.963250 0.178006 -0.054811 0.000000
0.000000 -0.964577 0.167144 -0.054953 0.000000
0.000000 -0.965276 0.160969 -0.054981 0.000000
0.000000 -0.966434 0.149850 -0.054937 0.000000
0.000000 -0.967003 0.143886 -0.054863 0.000000
0.000000 -0.967932 0.133178 -0.054643 0.000000
0.000000 -0.968423 0.126925 -0.054461 0.000000
0.000000 -0.969205 0.115731 -0.054039 0.000000
0.000000 -0.969555 0.110066 -0.053777 0.000000
0.000000 -0.970105 0.099949 -0.053227 0.000000
0.000000 -0.970405 0.093567 -0.052824 0.000000
0.000000 -0.970845 0.082219 -0.051999 0.000000
0.000000 -0.971004 0.077222 -0.051590 0.000000
0.000000 -0.971235 0.068339 -0.050790 0.000000
0.000000 -0.971369 0.061478 -0.050107 0.000000
0.000000 -0.971494 0.051520 -0.049009 0.000000
0.000000 -0.971530 0.046269 -0.048377 0.000000
0.000000 -0.971541 0.037005 -0.047164 0.000000
0.000000 -0.971520 0.031703 -0.046412 0.000000
0.000000 -0.971432 0.022395 -0.044980 0.000000
0.000000 -0.971367 0.017761 -0.044211 0.000000
0.000000 -0.971217 0.009641 -0.042764 0.000000
0.000000 -0.971105 0.004642 -0.041806 0.000000
0.000000 -0.970870 -0.004044 -0.040006 0.000000
0.000000 -0.970756 -0.007809 -0.039168 0.000000
0.000000 -0.970537 -0.014367 -0.037612 0.000000
0.000000 -0.970360 -0.019268 -0.036364 0.000000
0.000000 -0.970085 -0.026260 -0.034437 0.000000
0.000000 -0.969939 -0.029798 -0.033388 0.000000
0.000000 -0.969677 -0.035869 -0.031454 0.000000
0.000000 -0.969525 -0.039318 -0.030269 0.000000
0.000000 -0.969260 -0.045165 -0.028088 0.000000
0.000000 -0.969139 -0.047871 -0.026993 0.000000
0.000000 -0.968936 -0.052448 -0.024991 0.000000
0.000000 -0.968815 -0.055311 -0.023624 0.000000
0.000000 -0.968630 -0.060023 -0.021124 0.000000
0.000000 -0.968570 -0.061783 -0.020090 0.000000
0.000000 -0.968487 -0.064709 -0.018212 0.000000
0.000000 -0.968442 -0.067071 -0.016507 0.000000
0.000000 -0.968429 -0.069554 -0.014457 0.000000
0.000000 -0.968450 -0.071200 -0.012886 0.000000
0.000000 -0.968540 -0.073330 -0.010440 0.000000
0.000000 -0.968614 -0.074203 -0.009214 0.000000
0.000000 -0.968794 -0.075454 -0.007001 0.000000
0.000000 -0.968949 -0.076052 -0.005546 0.000000
0.000000 -0.969297 -0.076682 -0.002927 0.000000
0.000000 -0.969475 -0.076776 -0.001819 0.000000
0.000000 -0.969838 -0.076687 0.000171 0.000000
0.000000 -0.970190 -0.076352 0.001854 0.000000
0.000000 -0.970709 -0.075558 0.004039 0.000000
0.000000 -0.971087 -0.074818 0.005465 0.000000
0.000000 -0.971832 -0.073054 0.008007 0.000000
0.000000 -0.972175 -0.072141 0.009074 0.000000
0.000000 -0.972827 -0.070251 0.010975 0.000000
0.000000 -0.973416 -0.068397 0.012572 0.000000
0.000000 -0.974223 -0.065653 0.014616 0.000000
0.000000 -0.974781 -0.063629 0.015950 0.000000
0.000000 -0.975822 -0.059580 0.018305 0.000000
0.000000 -0.976271 -0.057739 0.019268 0.000000
0.000000 -0.977092 -0.054204 0.020972 0.000000
0.000000 -0.977816 -0.050906 0.022419 0.000000
0.000000 -0.978731 -0.046477 0.024186 0.000000
0.000000 -0.979375 -0.043177 0.025395 0.000000
0.000000 -0.980491 -0.037038 0.027439 0.000000
0.000000 -0.980943 -0.034395 0.028249 0.000000
0.000000 -0.981743 -0.029456 0.029665 0.000000
0.000000 -0.982439 -0.024842 0.030885 0.000000
0.000000 -0.983244 -0.019072 0.032288 0.000000
0.000000 -0.983824 -0.014565 0.033299 0.000000
0.000000 -0.984681 -0.007210 0.034807 0.000000
0.000000 -0.985072 -0.003522 0.035503 0.000000
0.000000 -0.985725 0.003291 0.036691 0.000000
0.000000 -0.986133 0.008076 0.037456 0.000000
0.000000 -0.986776 0.016921 0.038731 0.000000
0.000000 -0.986999 0.020502 0.039198 0.000000
0.000000 -0.987349 0.027048 0.039986 0.000000
0.000000 -0.987617 0.033322 0.040663 0.000000
0.000000 -0.987841 0.040395 0.041340 0.000000
0.000000 -0.987970 0.046511 0.041854 0.000000
0.000000 -0.988048 0.054532 0.042433 0.000000
0.000000 -0.988045 0.059929 0.042763 0.000000
0.000000 -0.987922 0.069729 0.043246 0.000000
0.000000 -0.987830 0.073811 0.043403 0.000000
0.000000 -0.987600 0.081184 0.043623 0.000000
0.000000 -0.987331 0.087699 0.043749 0.000000
0.000000 -0.986915 0.095716 0.043819 0.000000
0.000000 -0.986555 0.101537 0.043811 0.000000
0.000000 -0.985850 0.111186 0.043686 0.000000
0.000000 -0.985496 0.115469 0.043587 0.000000
0.000000 -0.984799 0.123139 0.043340 0.000000
0.000000 -0.984198 0.129119 0.043086 0.000000
