0.000000 0.968734 0.120673 -0.000110 0.000000
0.000000 0.968734 0.120673 -0.000111 0.000000
0.000000 0.968734 0.120673 -0.000113 0.000000
0.000000 0.968734 0.120673 -0.000118 0.000000
0.000000 0.968734 0.120673 -0.000125 0.000000
0.000000 0.968734 0.120674 -0.000138 0.000000
0.000000 0.968734 0.120675 -0.000162 0.000000
0.000000 0.968733 0.120676 -0.000206 0.000000
0.000000 0.968732 0.120680 -0.000283 0.000000
0.000000 0.968729 0.120688 -0.000423 0.000000
0.000000 0.968723 0.120709 -0.000675 0.000000
0.000000 0.968707 0.120765 -0.001128 0.000000
0.000000 0.968661 0.120925 -0.001942 0.000000
0.000000 0.968524 0.121408 -0.003403 0.000000
0.000000 0.968228 0.122451 -0.005360 0.000000
0.000000 0.967887 0.123651 -0.006969 0.000000
0.000000 0.967558 0.124801 -0.008222 0.000000
0.000000 0.967099 0.126397 -0.009694 0.000000
0.000000 0.966566 0.128233 -0.011148 0.000000
0.000000 0.965911 0.130466 -0.012690 0.000000
0.000000 0.965159 0.132998 -0.014232 0.000000
0.000000 0.964339 0.135728 -0.015722 0.000000
0.000000 0.963432 0.138701 -0.017191 0.000000
0.000000 0.962415 0.141987 -0.018675 0.000000
0.000000 0.961293 0.145550 -0.020154 0.000000
0.000000 0.960079 0.149339 -0.021608 0.000000
0.000000 0.958765 0.153366 -0.023046 0.000000
0.000000 0.957337 0.157659 -0.024477 0.000000
0.000000 0.955793 0.162205 -0.025898 0.000000
0.000000 0.954139 0.166979 -0.027301 0.000000
0.000000 0.952368 0.171979 -0.028688 0.000000
0.000000 0.950474 0.177214 -0.030062 0.000000
0.000000 0.948451 0.182677 -0.031421 0.000000
0.000000 0.946300 0.188353 -0.032762 0.000000
0.000000 0.944018 0.194238 -0.034086 0.000000
0.000000 0.941598 0.200331 -0.035393 0.000000
0.000000 0.939037 0.206624 -0.036681 0.000000
0.000000 0.936334 0.213110 -0.037951 0.000000
0.000000 0.933483 0.219781 -0.039202 0.000000
0.000000 0.930483 0.226632 -0.040432 0.000000
0.000000 0.927329 0.233656 -0.041643 0.000000
0.000000 0.924019 0.240847 -0.042833 0.000000
0.000000 0.920551 0.248195 -0.044001 0.000000
0.000000 0.916920 0.255695 -0.045148 0.000000
0.000000 0.913126 0.263339 -0.046273 0.000000
0.000000 0.909166 0.271121 -0.047376 0.000000
0.000000 0.905037 0.279031 -0.048457 0.000000
0.000000 0.900738 0.287064 -0.049515 0.000000
0.000000 0.896267 0.295212 -0.050551 0.000000
0.000000 0.891622 0.303466 -0.051564 0.000000
0.000000 0.886802 0.311821 -0.052555 0.000000
0.000000 0.881806 0.320268 -0.053524 0.000000
0.000000 0.876632 0.328800 -0.054471 0.000000
0.000000 0.871280 0.337411 -0.055396 0.000000
0.000000 0.865749 0.346092 -0.056299 0.000000
0.000000 0.860038 0.354838 -0.057182 0.000000
0.000000 0.854147 0.363640 -0.058045 0.000000
0.000000 0.848074 0.372492 -0.058888 0.000000
0.000000 0.841821 0.381388 -0.059712 0.000000
0.000000 0.835386 0.390320 -0.060517 0.000000
0.000000 0.828769 0.399283 -0.061305 0.000000
0.000000 0.821971 0.408269 -0.062077 0.000000
0.000000 0.814990 0.417273 -0.062833 0.000000
0.000000 0.807827 0.426289 -0.063575 0.000000
0.000000 0.800481 0.435310 -0.064303 0.000000
0.000000 0.792952 0.444331 -0.065019 0.000000
0.000000 0.785241 0.453345 -0.065724 0.000000
0.000000 0.777346 0.462348 -0.066419 0.000000
0.000000 0.769269 0.471333 -0.067105 0.000000
0.000000 0.761007 0.480295 -0.067784 0.000000
0.000000 0.752561 0.489228 -0.068458 0.000000
0.000000 0.743931 0.498127 -0.069127 0.000000
0.000000 0.735115 0.506988 -0.069792 0.000000
0.000000 0.726113 0.515804 -0.070457 0.000000
0.000000 0.716924 0.524570 -0.071121 0.000000
0.000000 0.707546 0.533281 -0.071787 0.000000
0.000000 0.697980 0.541932 -0.072456 0.000000
0.000000 0.688223 0.550517 -0.073131 0.000000
0.000000 0.678274 0.559031 -0.073811 0.000000
0.000000 0.668130 0.567470 -0.074500 0.000000
0.000000 0.657791 0.575826 -0.075199 0.000000
0.000000 0.647253 0.584096 -0.075910 0.000000
0.000000 0.636515 0.592272 -0.076635 0.000000
0.000000 0.625574 0.600349 -0.077374 0.000000
0.000000 0.614426 0.608322 -0.078132 0.000000
0.000000 0.603070 0.616183 -0.078908 0.000000
0.000000 0.591502 0.623926 -0.079705 0.000000
0.000000 0.579719 0.631545 -0.080525 0.000000
0.000000 0.567716 0.639032 -0.081370 0.000000
0.000000 0.555492 0.646380 -0.082241 0.000000
0.000000 0.543040 0.653581 -0.083141 0.000000
0.000000 0.530359 0.660626 -0.084071 0.000000
0.000000 0.517443 0.667508 -0.085033 0.000000
0.000000 0.504289 0.674216 -0.086029 0.000000
0.000000 0.490892 0.680741 -0.087061 0.000000
0.000000 0.477250 0.687073 -0.088130 0.000000
0.000000 0.463356 0.693200 -0.089238 0.000000
0.000000 0.449209 0.699113 -0.090386 0.000000
0.000000 0.434804 0.704798 -0.091575 0.000000
0.000000 0.420138 0.710243 -0.092807 0.000000
0.000000 0.405208 0.715435 -0.094083 0.000000
0.000000 0.390011 0.720361 -0.095402 0.000000
0.000000 0.374545 0.725005 -0.096766 0.000000
0.000000 0.358809 0.729354 -0.098175 0.000000
0.000000 0.342802 0.733391 -0.099629 0.000000
0.000000 0.326523 0.737102 -0.101127 0.000000
0.000000 0.309973 0.740471 -0.102668 0.000000
0.000000 0.293154 0.743480 -0.104251 0.000000
0.000000 0.276069 0.746115 -0.105875 0.000000
0.000000 0.258720 0.748359 -0.107537 0.000000
0.000000 0.241113 0.750195 -0.109236 0.000000
0.000000 0.223253 0.751609 -0.110968 0.000000
0.000000 0.205146 0.752584 -0.112731 0.000000
0.000000 0.186801 0.753106 -0.114522 0.000000
0.000000 0.168226 0.753161 -0.116336 0.000000
0.000000 0.149431 0.752736 -0.118169 0.000000
0.000000 0.130427 0.751819 -0.120018 0.000000
0.000000 0.111226 0.750399 -0.121879 0.000000
0.000000 0.091838 0.748465 -0.123746 0.000000
0.000000 0.072278 0.746009 -0.125616 0.000000
0.000000 0.052558 0.743025 -0.127485 0.000000
0.000000 0.032693 0.739505 -0.129347 0.000000
0.000000 0.012697 0.735444 -0.131200 0.000000
0.000000 -0.007417 0.730841 -0.133038 0.000000
0.000000 -0.027633 0.725690 -0.134858 0.000000
0.000000 -0.047938 0.719993 -0.136657 0.000000
0.000000 -0.068316 0.713747 -0.138430 0.000000
0.000000 -0.088755 0.706955 -0.140175 0.000000
0.000000 -0.109238 0.699617 -0.141889 0.000000
0.000000 -0.129752 0.691735 -0.143569 0.000000
0.000000 -0.150282 0.683312 -0.145213 0.000000
0.000000 -0.170815 0.674352 -0.146819 0.000000
0.000000 -0.191336 0.664858 -0.148384 0.000000
0.000000 -0.211830 0.654834 -0.149906 0.000000
0.000000 -0.232282 0.644284 -0.151385 0.000000
0.000000 -0.252678 0.633213 -0.152818 0.000000
0.000000 -0.273002 0.621626 -0.154204 0.000000
0.000000 -0.293237 0.609527 -0.155542 0.000000
0.000000 -0.313367 0.596922 -0.156830 0.000000
0.000000 -0.333374 0.583815 -0.158066 0.000000
0.000000 -0.353241 0.570213 -0.159250 0.000000
0.000000 -0.372948 0.556121 -0.160380 0.000000
0.000000 -0.392475 0.541546 -0.161454 0.000000
0.000000 -0.411803 0.526495 -0.162470 0.000000
0.000000 -0.430911 0.510976 -0.163426 0.000000
0.000000 -0.449778 0.494999 -0.164319 0.000000
0.000000 -0.468383 0.478572 -0.165147 0.000000
0.000000 -0.486706 0.461708 -0.165907 0.000000
0.000000 -0.504727 0.444418 -0.166596 0.000000
0.000000 -0.522428 0.426715 -0.167210 0.000000
0.000000 -0.539790 0.408614 -0.167747 0.000000
0.000000 -0.556798 0.390128 -0.168203 0.000000
0.000000 -0.573437 0.371273 -0.168575 0.000000
0.000000 -0.589695 0.352065 -0.168860 0.000000
0.000000 -0.605561 0.332519 -0.169054 0.000000
0.000000 -0.621027 0.312650 -0.169155 0.000000
0.000000 -0.636084 0.292472 -0.169159 0.000000
0.000000 -0.650727 0.271999 -0.169063 0.000000
0.000000 -0.664950 0.251245 -0.168865 0.000000
0.000000 -0.678747 0.230221 -0.168562 0.000000
0.000000 -0.692114 0.208941 -0.168150 0.000000
0.000000 -0.705045 0.187414 -0.167627 0.000000
0.000000 -0.717534 0.165654 -0.166990 0.000000
0.000000 -0.729574 0.143670 -0.166234 0.000000
0.000000 -0.741156 0.121476 -0.165357 0.000000
0.000000 -0.752271 0.099084 -0.164354 0.000000
0.000000 -0.762907 0.076510 -0.163221 0.000000
0.000000 -0.773051 0.053768 -0.161955 0.000000
0.000000 -0.782688 0.030878 -0.160550 0.000000
0.000000 -0.791803 0.007861 -0.159003 0.000000
0.000000 -0.800376 -0.015261 -0.157308 0.000000
0.000000 -0.808391 -0.038459 -0.155460 0.000000
0.000000 -0.815826 -0.061704 -0.153456 0.000000
0.000000 -0.822662 -0.084963 -0.151291 0.000000
0.000000 -0.828876 -0.108198 -0.148959 0.000000
0.000000 -0.834448 -0.131369 -0.146457 0.000000
0.000000 -0.839355 -0.154430 -0.143779 0.000000
0.000000 -0.843575 -0.177333 -0.140922 0.000000
0.000000 -0.847087 -0.200025 -0.137882 0.000000
0.000000 -0.849870 -0.222447 -0.134653 0.000000
0.000000 -0.851904 -0.244536 -0.131233 0.000000
0.000000 -0.853171 -0.266225 -0.127618 0.000000
0.000000 -0.853657 -0.287440 -0.123806 0.000000
0.000000 -0.853351 -0.308101 -0.119796 0.000000
0.000000 -0.852247 -0.328123 -0.115589 0.000000
0.000000 -0.850347 -0.347417 -0.111186 0.000000
0.000000 -0.847662 -0.365890 -0.106595 0.000000
0.000000 -0.844211 -0.383448 -0.101823 0.000000
0.000000 -0.840027 -0.399995 -0.096884 0.000000
0.000000 -0.835153 -0.415441 -0.091794 0.000000
0.000000 -0.829644 -0.429701 -0.086574 0.000000
0.000000 -0.823565 -0.442701 -0.081247 0.000000
0.000000 -0.816991 -0.454376 -0.075839 0.000000
0.000000 -0.810003 -0.464678 -0.070377 0.000000
0.000000 -0.802683 -0.473573 -0.064889 0.000000
0.000000 -0.795116 -0.481042 -0.059402 0.000000
0.000000 -0.787386 -0.487081 -0.053941 0.000000
0.000000 -0.779568 -0.491698 -0.048529 0.000000
0.000000 -0.771737 -0.494915 -0.043187 0.000000
0.000000 -0.763956 -0.496762 -0.037932 0.000000
0.000000 -0.756282 -0.497277 -0.032781 0.000000
0.000000 -0.748766 -0.496504 -0.027744 0.000000
0.000000 -0.741448 -0.494493 -0.022831 0.000000
0.000000 -0.734365 -0.491296 -0.018050 0.000000
0.000000 -0.727545 -0.486968 -0.013407 0.000000
0.000000 -0.721010 -0.481567 -0.008904 0.000000
0.000000 -0.714780 -0.475152 -0.004545 0.000000
0.000000 -0.708868 -0.467784 -0.000330 0.000000
0.000000 -0.703285 -0.459524 0.003742 0.000000
0.000000 -0.698036 -0.450434 0.007669 0.000000
0.000000 -0.693127 -0.440578 0.011453 0.000000
0.000000 -0.688557 -0.430018 0.015096 0.000000
0.000000 -0.684325 -0.418817 0.018598 0.000000
0.000000 -0.680423 -0.407037 0.021960 0.000000
0.000000 -0.676847 -0.394738 0.025182 0.000000
0.000000 -0.673585 -0.381983 0.028266 0.000000
0.000000 -0.670629 -0.368831 0.031210 0.000000
0.000000 -0.667967 -0.355344 0.034014 0.000000
0.000000 -0.665588 -0.341584 0.036677 0.000000
0.000000 -0.663481 -0.327613 0.039197 0.000000
0.000000 -0.661636 -0.313493 0.041574 0.000000
0.000000 -0.660043 -0.299286 0.043808 0.000000
0.000000 -0.658692 -0.285054 0.045898 0.000000
0.000000 -0.657575 -0.270857 0.047845 0.000000
0.000000 -0.656684 -0.256755 0.049652 0.000000
0.000000 -0.656013 -0.242807 0.051322 0.000000
0.000000 -0.655554 -0.229068 0.052859 0.000000
0.000000 -0.655300 -0.215590 0.054268 0.000000
0.000000 -0.655246 -0.202420 0.055555 0.000000
0.000000 -0.655384 -0.189598 0.056728 0.000000
0.000000 -0.655710 -0.177158 0.057794 0.000000
0.000000 -0.656220 -0.165125 0.058762 0.000000
0.000000 -0.656914 -0.153522 0.059639 0.000000
0.000000 -0.657791 -0.142365 0.060435 0.000000
0.000000 -0.658855 -0.131665 0.061157 0.000000
0.000000 -0.660113 -0.121431 0.061813 0.000000
0.000000 -0.661574 -0.111665 0.062412 0.000000
0.000000 -0.663255 -0.102369 0.062963 0.000000
0.000000 -0.665177 -0.093541 0.063472 0.000000
0.000000 -0.667367 -0.085177 0.063948 0.000000
0.000000 -0.669859 -0.077271 0.064399 0.000000
0.000000 -0.672691 -0.069815 0.064830 0.000000
0.000000 -0.675906 -0.062799 0.065247 0.000000
0.000000 -0.679547 -0.056213 0.065655 0.000000
0.000000 -0.683660 -0.050041 0.066058 0.000000
0.000000 -0.688283 -0.044265 0.066457 0.000000
0.000000 -0.693452 -0.038861 0.066855 0.000000
0.000000 -0.699194 -0.033804 0.067251 0.000000
0.000000 -0.705525 -0.029062 0.067648 0.000000
0.000000 -0.712454 -0.024599 0.068045 0.000000
0.000000 -0.719976 -0.020376 0.068444 0.000000
0.000000 -0.728077 -0.016350 0.068845 0.000000
0.000000 -0.736736 -0.012476 0.069249 0.000000
0.000000 -0.745921 -0.008705 0.069659 0.000000
0.000000 -0.755594 -0.004983 0.070077 0.000000
0.000000 -0.765715 -0.001253 0.070505 0.000000
0.000000 -0.776236 0.002548 0.070944 0.000000
0.000000 -0.787103 0.006487 0.071398 0.000000
0.000000 -0.798259 0.010637 0.071866 0.000000
0.000000 -0.809637 0.015076 0.072349 0.000000
0.000000 -0.821162 0.019880 0.072847 0.000000
0.000000 -0.832749 0.025127 0.073355 0.000000
0.000000 -0.844302 0.030891 0.073868 0.000000
0.000000 -0.855716 0.037237 0.074379 0.000000
0.000000 -0.866875 0.044221 0.074878 0.000000
0.000000 -0.877657 0.051885 0.075353 0.000000
0.000000 -0.887929 0.060252 0.075789 0.000000
0.000000 -0.897558 0.069329 0.076170 0.000000
0.000000 -0.906404 0.079099 0.076479 0.000000
0.000000 -0.914332 0.089524 0.076700 0.000000
0.000000 -0.921210 0.100547 0.076817 0.000000
0.000000 -0.926914 0.112086 0.076816 0.000000
0.000000 -0.931332 0.124042 0.076685 0.000000
0.000000 -0.934369 0.136299 0.076416 0.000000
0.000000 -0.935951 0.148725 0.076003 0.000000
0.000000 -0.936029 0.161181 0.075446 0.000000
0.000000 -0.934582 0.173523 0.074745 0.000000
0.000000 -0.931622 0.185609 0.073905 0.000000
0.000000 -0.927191 0.197303 0.072931 0.000000
0.000000 -0.921366 0.208479 0.071834 0.000000
0.000000 -0.914253 0.219029 0.070622 0.000000
0.000000 -0.905984 0.228866 0.069309 0.000000
0.000000 -0.896709 0.237926 0.067907 0.000000
0.000000 -0.886591 0.246176 0.066429 0.000000
0.000000 -0.875796 0.253604 0.064887 0.000000
0.000000 -0.864487 0.260224 0.063295 0.000000
0.000000 -0.852818 0.266067 0.061661 0.000000
0.000000 -0.840933 0.271180 0.059995 0.000000
0.000000 -0.828963 0.275619 0.058304 0.000000
0.000000 -0.817025 0.279445 0.056596 0.000000
0.000000 -0.805225 0.282727 0.054875 0.000000
0.000000 -0.793656 0.285531 0.053146 0.000000
0.000000 -0.782400 0.287926 0.051414 0.000000
0.000000 -0.771528 0.289976 0.049682 0.000000
0.000000 -0.761104 0.291746 0.047952 0.000000
0.000000 -0.751180 0.293295 0.046228 0.000000
0.000000 -0.741803 0.294680 0.044511 0.000000
0.000000 -0.733010 0.295954 0.042803 0.000000
0.000000 -0.724832 0.297165 0.041102 0.000000
0.000000 -0.717293 0.298358 0.039409 0.000000
0.000000 -0.710407 0.299574 0.037722 0.000000
0.000000 -0.704185 0.300847 0.036039 0.000000
0.000000 -0.698631 0.302213 0.034356 0.000000
0.000000 -0.693741 0.303700 0.032672 0.000000
0.000000 -0.689508 0.305336 0.030982 0.000000
0.000000 -0.685921 0.307143 0.029283 0.000000
0.000000 -0.682964 0.309142 0.027572 0.000000
0.000000 -0.680617 0.311351 0.025845 0.000000
0.000000 -0.678861 0.313786 0.024101 0.000000
0.000000 -0.677671 0.316457 0.022336 0.000000
0.000000 -0.677026 0.319373 0.020548 0.000000
0.000000 -0.676901 0.322539 0.018736 0.000000
0.000000 -0.677274 0.325956 0.016897 0.000000
0.000000 -0.678126 0.329620 0.015032 0.000000
0.000000 -0.679436 0.333524 0.013138 0.000000
0.000000 -0.681190 0.337655 0.011216 0.000000
0.000000 -0.683374 0.341995 0.009263 0.000000
0.000000 -0.685976 0.346524 0.007281 0.000000
0.000000 -0.688989 0.351212 0.005267 0.000000
0.000000 -0.692404 0.356029 0.003220 0.000000
0.000000 -0.696216 0.360935 0.001140 0.000000
0.000000 -0.700417 0.365890 -0.000975 0.000000
0.000000 -0.704999 0.370844 -0.003125 0.000000
0.000000 -0.709952 0.375745 -0.005311 0.000000
0.000000 -0.715264 0.380535 -0.007533 0.000000
0.000000 -0.720917 0.385153 -0.009792 0.000000
0.000000 -0.726893 0.389534 -0.012088 0.000000
0.000000 -0.733166 0.393611 -0.014419 0.000000
0.000000 -0.739711 0.397320 -0.016784 0.000000
0.000000 -0.746496 0.400593 -0.019184 0.000000
0.000000 -0.753492 0.403370 -0.021615 0.000000
0.000000 -0.760667 0.405591 -0.024076 0.000000
0.000000 -0.767987 0.407203 -0.026564 0.000000
0.000000 -0.775423 0.408160 -0.029076 0.000000
0.000000 -0.782943 0.408421 -0.031610 0.000000
0.000000 -0.790520 0.407954 -0.034160 0.000000
0.000000 -0.798123 0.406734 -0.036723 0.000000
0.000000 -0.805727 0.404742 -0.039294 0.000000
0.000000 -0.813303 0.401968 -0.041866 0.000000
0.000000 -0.820825 0.398405 -0.044434 0.000000
0.000000 -0.828265 0.394053 -0.046991 0.000000
0.000000 -0.835596 0.388919 -0.049527 0.000000
0.000000 -0.842788 0.383010 -0.052035 0.000000
0.000000 -0.849813 0.376341 -0.054506 0.000000
0.000000 -0.856640 0.368928 -0.056930 0.000000
0.000000 -0.863240 0.360792 -0.059298 0.000000
0.000000 -0.869584 0.351954 -0.061601 0.000000
0.000000 -0.875643 0.342439 -0.063831 0.000000
0.000000 -0.881391 0.332275 -0.065980 0.000000
0.000000 -0.886804 0.321492 -0.068040 0.000000
0.000000 -0.891858 0.310124 -0.070005 0.000000
0.000000 -0.896533 0.298203 -0.071868 0.000000
0.000000 -0.900812 0.285766 -0.073626 0.000000
0.000000 -0.904679 0.272847 -0.075272 0.000000
0.000000 -0.908119 0.259482 -0.076804 0.000000
0.000000 -0.911122 0.245709 -0.078218 0.000000
0.000000 -0.913678 0.231563 -0.079509 0.000000
0.000000 -0.915780 0.217083 -0.080673 0.000000
0.000000 -0.917426 0.202309 -0.081706 0.000000
0.000000 -0.918616 0.187283 -0.082601 0.000000
0.000000 -0.919354 0.172049 -0.083352 0.000000
0.000000 -0.919650 0.156656 -0.083955 0.000000
0.000000 -0.919518 0.141153 -0.084402 0.000000
0.000000 -0.918976 0.125593 -0.084688 0.000000
0.000000 -0.918045 0.110033 -0.084809 0.000000
0.000000 -0.916750 0.094526 -0.084761 0.000000
0.000000 -0.915119 0.079126 -0.084544 0.000000
0.000000 -0.913182 0.063883 -0.084155 0.000000
0.000000 -0.910972 0.048843 -0.083596 0.000000
0.000000 -0.908524 0.034047 -0.082870 0.000000
0.000000 -0.905873 0.019531 -0.081979 0.000000
0.000000 -0.903057 0.005322 -0.080928 0.000000
0.000000 -0.900113 -0.008557 -0.079723 0.000000
0.000000 -0.897075 -0.022094 -0.078369 0.000000
0.000000 -0.893978 -0.035282 -0.076872 0.000000
0.000000 -0.890851 -0.048120 -0.075238 0.000000
0.000000 -0.887720 -0.060614 -0.073472 0.000000
0.000000 -0.884606 -0.072772 -0.071582 0.000000
0.000000 -0.881530 -0.084601 -0.069570 0.000000
0.000000 -0.878508 -0.096113 -0.067444 0.000000
0.000000 -0.875557 -0.107314 -0.065208 0.000000
0.000000 -0.872691 -0.118212 -0.062867 0.000000
0.000000 -0.869927 -0.128807 -0.060425 0.000000
0.000000 -0.867283 -0.139102 -0.057888 0.000000
0.000000 -0.864775 -0.149094 -0.055261 0.000000
0.000000 -0.862423 -0.158778 -0.052549 0.000000
0.000000 -0.860247 -0.168148 -0.049756 0.000000
0.000000 -0.858269 -0.177197 -0.046887 0.000000
0.000000 -0.856509 -0.185917 -0.043945 0.000000
0.000000 -0.854993 -0.194297 -0.040935 0.000000
0.000000 -0.853744 -0.202326 -0.037860 0.000000
0.000000 -0.852787 -0.209991 -0.034723 0.000000
0.000000 -0.852143 -0.217278 -0.031528 0.000000
0.000000 -0.851835 -0.224170 -0.028276 0.000000
0.000000 -0.851880 -0.230650 -0.024970 0.000000
0.000000 -0.852293 -0.236698 -0.021611 0.000000
0.000000 -0.853085 -0.242290 -0.018200 0.000000
0.000000 -0.854262 -0.247403 -0.014739 0.000000
0.000000 -0.855826 -0.252009 -0.011229 0.000000
0.000000 -0.857777 -0.256076 -0.007671 0.000000
0.000000 -0.860110 -0.259571 -0.004067 0.000000
0.000000 -0.862815 -0.262458 -0.000420 0.000000
0.000000 -0.865878 -0.264698 0.003266 0.000000
0.000000 -0.869281 -0.266250 0.006986 0.000000
0.000000 -0.873002 -0.267074 0.010733 0.000000
0.000000 -0.877010 -0.267130 0.014500 0.000000
0.000000 -0.881272 -0.266379 0.018277 0.000000
0.000000 -0.885748 -0.264785 0.022053 0.000000
0.000000 -0.890394 -0.262318 0.025816 0.000000
0.000000 -0.895160 -0.258952 0.029553 0.000000
0.000000 -0.899996 -0.254668 0.033249 0.000000
0.000000 -0.904847 -0.249457 0.036890 0.000000
0.000000 -0.909656 -0.243318 0.040459 0.000000
0.000000 -0.914367 -0.236260 0.043941 0.000000
0.000000 -0.918923 -0.228302 0.047323 0.000000
0.000000 -0.923268 -0.219474 0.050589 0.000000
0.000000 -0.927349 -0.209811 0.053730 0.000000
0.000000 -0.931116 -0.199357 0.056735 0.000000
0.000000 -0.934525 -0.188164 0.059596 0.000000
0.000000 -0.937537 -0.176285 0.062306 0.000000
0.000000 -0.940123 -0.163781 0.064862 0.000000
0.000000 -0.942258 -0.150713 0.067259 0.000000
0.000000 -0.943929 -0.137143 0.069495 0.000000
0.000000 -0.945131 -0.123133 0.071569 0.000000
0.000000 -0.945866 -0.108740 0.073481 0.000000
0.000000 -0.946147 -0.094019 0.075231 0.000000
0.000000 -0.945990 -0.079022 0.076820 0.000000
0.000000 -0.945420 -0.063795 0.078249 0.000000
0.000000 -0.944463 -0.048383 0.079518 0.000000
0.000000 -0.943151 -0.032826 0.080629 0.000000
0.000000 -0.941512 -0.017162 0.081584 0.000000
0.000000 -0.939575 -0.001423 0.082384 0.000000
0.000000 -0.937367 0.014360 0.083030 0.000000
0.000000 -0.934907 0.030161 0.083523 0.000000
0.000000 -0.932215 0.045957 0.083865 0.000000
0.000000 -0.929304 0.061728 0.084057 0.000000
0.000000 -0.926186 0.077455 0.084101 0.000000
0.000000 -0.922871 0.093122 0.083999 0.000000
0.000000 -0.919371 0.108712 0.083753 0.000000
0.000000 -0.915698 0.124211 0.083363 0.000000
0.000000 -0.911865 0.139600 0.082833 0.000000
0.000000 -0.907886 0.154864 0.082164 0.000000
0.000000 -0.903779 0.169984 0.081358 0.000000
0.000000 -0.899561 0.184945 0.080416 0.000000
0.000000 -0.895252 0.199727 0.079340 0.000000
0.000000 -0.890872 0.214313 0.078130 0.000000
0.000000 -0.886445 0.228683 0.076786 0.000000
0.000000 -0.881994 0.242817 0.075311 0.000000
0.000000 -0.877546 0.256696 0.073704 0.000000
0.000000 -0.873127 0.270298 0.071965 0.000000
0.000000 -0.868764 0.283604 0.070097 0.000000
0.000000 -0.864486 0.296594 0.068099 0.000000
0.000000 -0.860317 0.309250 0.065972 0.000000
0.000000 -0.856286 0.321551 0.063720 0.000000
0.000000 -0.852419 0.333479 0.061344 0.000000
0.000000 -0.848740 0.345014 0.058847 0.000000
0.000000 -0.845274 0.356135 0.056232 0.000000
0.000000 -0.842042 0.366824 0.053504 0.000000
0.000000 -0.839067 0.377058 0.050667 0.000000
0.000000 -0.836364 0.386820 0.047725 0.000000
0.000000 -0.833950 0.396092 0.044684 0.000000
0.000000 -0.831838 0.404854 0.041548 0.000000
0.000000 -0.830041 0.413089 0.038323 0.000000
0.000000 -0.828569 0.420780 0.035014 0.000000
0.000000 -0.827433 0.427908 0.031626 0.000000
0.000000 -0.826643 0.434455 0.028166 0.000000
0.000000 -0.826207 0.440403 0.024639 0.000000
0.000000 -0.826132 0.445735 0.021053 0.000000
0.000000 -0.826422 0.450434 0.017415 0.000000
0.000000 -0.827079 0.454482 0.013732 0.000000
0.000000 -0.828101 0.457866 0.010014 0.000000
0.000000 -0.829482 0.460570 0.006269 0.000000
0.000000 -0.831215 0.462582 0.002506 0.000000
0.000000 -0.833287 0.463889 -0.001263 0.000000
0.000000 -0.835684 0.464481 -0.005031 0.000000
0.000000 -0.838388 0.464348 -0.008786 0.000000
0.000000 -0.841380 0.463481 -0.012520 0.000000
0.000000 -0.844637 0.461873 -0.016224 0.000000
0.000000 -0.848136 0.459517 -0.019888 0.000000
0.000000 -0.851850 0.456408 -0.023506 0.000000
0.000000 -0.855750 0.452540 -0.027069 0.000000
0.000000 -0.859805 0.447912 -0.030570 0.000000
0.000000 -0.863981 0.442520 -0.034001 0.000000
0.000000 -0.868244 0.436366 -0.037357 0.000000
0.000000 -0.872555 0.429453 -0.040629 0.000000
0.000000 -0.876878 0.421786 -0.043811 0.000000
0.000000 -0.881173 0.413377 -0.046896 0.000000
0.000000 -0.885403 0.404239 -0.049875 0.000000
0.000000 -0.889530 0.394392 -0.052742 0.000000
0.000000 -0.893520 0.383858 -0.055489 0.000000
0.000000 -0.897338 0.372664 -0.058106 0.000000
0.000000 -0.900953 0.360844 -0.060587 0.000000
0.000000 -0.904340 0.348432 -0.062923 0.000000
0.000000 -0.907473 0.335467 -0.065106 0.000000
0.000000 -0.910334 0.321993 -0.067128 0.000000
0.000000 -0.912907 0.308055 -0.068982 0.000000
0.000000 -0.915181 0.293699 -0.070661 0.000000
0.000000 -0.917150 0.278974 -0.072160 0.000000
0.000000 -0.918811 0.263928 -0.073472 0.000000
0.000000 -0.920165 0.248611 -0.074594 0.000000
0.000000 -0.921215 0.233070 -0.075522 0.000000
0.000000 -0.921969 0.217354 -0.076253 0.000000
0.000000 -0.922435 0.201511 -0.076785 0.000000
0.000000 -0.922624 0.185587 -0.077116 0.000000
0.000000 -0.922547 0.169629 -0.077248 0.000000
0.000000 -0.922216 0.153683 -0.077179 0.000000
0.000000 -0.921645 0.137797 -0.076913 0.000000
0.000000 -0.920848 0.122015 -0.076450 0.000000
0.000000 -0.919840 0.106384 -0.075795 0.000000
0.000000 -0.918641 0.090949 -0.074950 0.000000
0.000000 -0.917270 0.075753 -0.073921 0.000000
0.000000 -0.915751 0.060838 -0.072713 0.000000
0.000000 -0.914110 0.046246 -0.071331 0.000000
0.000000 -0.912376 0.032014 -0.069781 0.000000
0.000000 -0.910578 0.018178 -0.068069 0.000000
0.000000 -0.908747 0.004770 -0.066204 0.000000
0.000000 -0.906914 -0.008181 -0.064192 0.000000
0.000000 -0.905107 -0.020650 -0.062041 0.000000
0.000000 -0.903356 -0.032615 -0.059757 0.000000
0.000000 -0.901685 -0.044058 -0.057349 0.000000
0.000000 -0.900121 -0.054964 -0.054823 0.000000
0.000000 -0.898685 -0.065319 -0.052186 0.000000
0.000000 -0.897399 -0.075113 -0.049446 0.000000
0.000000 -0.896282 -0.084337 -0.046611 0.000000
0.000000 -0.895353 -0.092985 -0.043687 0.000000
0.000000 -0.894629 -0.101049 -0.040682 0.000000
0.000000 -0.894126 -0.108526 -0.037605 0.000000
0.000000 -0.893857 -0.115412 -0.034463 0.000000
0.000000 -0.893836 -0.121704 -0.031264 0.000000
0.000000 -0.894072 -0.127398 -0.028016 0.000000
0.000000 -0.894572 -0.132492 -0.024727 0.000000
0.000000 -0.895342 -0.136983 -0.021404 0.000000
0.000000 -0.896385 -0.140869 -0.018055 0.000000
0.000000 -0.897702 -0.144145 -0.014686 0.000000
0.000000 -0.899291 -0.146807 -0.011303 0.000000
0.000000 -0.901149 -0.148851 -0.007914 0.000000
0.000000 -0.903271 -0.150272 -0.004525 0.000000
0.000000 -0.905647 -0.151062 -0.001142 0.000000
0.000000 -0.908267 -0.151217 0.002230 0.000000
0.000000 -0.911116 -0.150729 0.005584 0.000000
0.000000 -0.914177 -0.149591 0.008914 0.000000
0.000000 -0.917428 -0.147798 0.012213 0.000000
0.000000 -0.920844 -0.145344 0.015474 0.000000
0.000000 -0.924396 -0.142223 0.018690 0.000000
0.000000 -0.928050 -0.138433 0.021854 0.000000
0.000000 -0.931772 -0.133973 0.024957 0.000000
0.000000 -0.935524 -0.128845 0.027992 0.000000
0.000000 -0.939267 -0.123051 0.030949 0.000000
0.000000 -0.942962 -0.116601 0.033820 0.000000
0.000000 -0.946571 -0.109506 0.036596 0.000000
0.000000 -0.950055 -0.101782 0.039267 0.000000
0.000000 -0.953380 -0.093449 0.041826 0.000000
0.000000 -0.956512 -0.084531 0.044263 0.000000
0.000000 -0.959421 -0.075056 0.046569 0.000000
0.000000 -0.962080 -0.065058 0.048736 0.000000
0.000000 -0.964463 -0.054571 0.050757 0.000000
0.000000 -0.966550 -0.043635 0.052625 0.000000
0.000000 -0.968322 -0.032291 0.054334 0.000000
0.000000 -0.969764 -0.020584 0.055878 0.000000
0.000000 -0.970866 -0.008558 0.057252 0.000000
0.000000 -0.971620 0.003740 0.058454 0.000000
0.000000 -0.972024 0.016264 0.059480 0.000000
0.000000 -0.972079 0.028967 0.060329 0.000000
0.000000 -0.971790 0.041802 0.061000 0.000000
0.000000 -0.971168 0.054724 0.061493 0.000000
0.000000 -0.970224 0.067689 0.061809 0.000000
0.000000 -0.968976 0.080655 0.061951 0.000000
0.000000 -0.967443 0.093584 0.061921 0.000000
0.000000 -0.965645 0.106439 0.061723 0.000000
0.000000 -0.963605 0.119186 0.061361 0.000000
0.000000 -0.961349 0.131795 0.060840 0.000000
0.000000 -0.958900 0.144236 0.060166 0.000000
0.000000 -0.956284 0.156485 0.059346 0.000000
0.000000 -0.953527 0.168516 0.058384 0.000000
0.000000 -0.950655 0.180309 0.057287 0.000000
0.000000 -0.947693 0.191842 0.056062 0.000000
0.000000 -0.944666 0.203097 0.054714 0.000000
0.000000 -0.941599 0.214054 0.053248 0.000000
0.000000 -0.938519 0.224697 0.051670 0.000000
0.000000 -0.935451 0.235009 0.049984 0.000000
0.000000 -0.932421 0.244972 0.048196 0.000000
0.000000 -0.929454 0.254573 0.046309 0.000000
0.000000 -0.926574 0.263795 0.044330 0.000000
0.000000 -0.923807 0.272624 0.042262 0.000000
0.000000 -0.921173 0.281046 0.040111 0.000000
0.000000 -0.918693 0.289047 0.037881 0.000000
0.000000 -0.916386 0.296614 0.035576 0.000000
0.000000 -0.914267 0.303732 0.033202 0.000000
0.000000 -0.912351 0.310391 0.030762 0.000000
0.000000 -0.910649 0.316576 0.028261 0.000000
0.000000 -0.909171 0.322276 0.025702 0.000000
0.000000 -0.907924 0.327479 0.023090 0.000000
0.000000 -0.906914 0.332174 0.020427 0.000000
0.000000 -0.906145 0.336349 0.017717 0.000000
0.000000 -0.905621 0.339994 0.014963 0.000000
0.000000 -0.905343 0.343098 0.012168 0.000000
0.000000 -0.905311 0.345652 0.009336 0.000000
0.000000 -0.905523 0.347645 0.006471 0.000000
0.000000 -0.905976 0.349070 0.003577 0.000000
0.000000 -0.906664 0.349917 0.000659 0.000000
0.000000 -0.907580 0.350179 -0.002278 0.000000
0.000000 -0.908714 0.349849 -0.005228 0.000000
0.000000 -0.910056 0.348919 -0.008185 0.000000
0.000000 -0.911593 0.347385 -0.011142 0.000000
0.000000 -0.913310 0.345240 -0.014094 0.000000
0.000000 -0.915192 0.342482 -0.017031 0.000000
0.000000 -0.917223 0.339106 -0.019949 0.000000
0.000000 -0.919385 0.335112 -0.022838 0.000000
0.000000 -0.921662 0.330500 -0.025692 0.000000
0.000000 -0.924035 0.325271 -0.028503 0.000000
0.000000 -0.926488 0.319430 -0.031263 0.000000
0.000000 -0.929003 0.312982 -0.033964 0.000000
0.000000 -0.931564 0.305937 -0.036599 0.000000
0.000000 -0.934154 0.298305 -0.039159 0.000000
0.000000 -0.936758 0.290101 -0.041638 0.000000
0.000000 -0.939361 0.281343 -0.044027 0.000000
0.000000 -0.941948 0.272048 -0.046320 0.000000
0.000000 -0.944506 0.262241 -0.048509 0.000000
0.000000 -0.947024 0.251945 -0.050586 0.000000
0.000000 -0.949489 0.241188 -0.052545 0.000000
0.000000 -0.951891 0.229998 -0.054379 0.000000
0.000000 -0.954221 0.218408 -0.056081 0.000000
0.000000 -0.956468 0.206448 -0.057646 0.000000
0.000000 -0.958626 0.194153 -0.059069 0.000000
0.000000 -0.960686 0.181557 -0.060343 0.000000
0.000000 -0.962640 0.168694 -0.061463 0.000000
0.000000 -0.964481 0.155600 -0.062426 0.000000
0.000000 -0.966201 0.142311 -0.063227 0.000000
0.000000 -0.967792 0.128863 -0.063863 0.000000
0.000000 -0.969248 0.115294 -0.064329 0.000000
0.000000 -0.970562 0.101639 -0.064623 0.000000
0.000000 -0.971728 0.087937 -0.064742 0.000000
0.000000 -0.972742 0.074227 -0.064684 0.000000
0.000000 -0.973599 0.060546 -0.064448 0.000000
0.000000 -0.974297 0.046933 -0.064032 0.000000
0.000000 -0.974835 0.033428 -0.063435 0.000000
0.000000 -0.975212 0.020068 -0.062657 0.000000
0.000000 -0.975430 0.006895 -0.061699 0.000000
0.000000 -0.975492 -0.006055 -0.060561 0.000000
0.000000 -0.975402 -0.018742 -0.059246 0.000000
0.000000 -0.975165 -0.031129 -0.057755 0.000000
0.000000 -0.974789 -0.043178 -0.056092 0.000000
0.000000 -0.974282 -0.054853 -0.054260 0.000000
0.000000 -0.973655 -0.066118 -0.052265 0.000000
0.000000 -0.972919 -0.076941 -0.050111 0.000000
0.000000 -0.972087 -0.087287 -0.047805 0.000000
0.000000 -0.971173 -0.097127 -0.045354 0.000000
0.000000 -0.970192 -0.106431 -0.042764 0.000000
0.000000 -0.969161 -0.115173 -0.040045 0.000000
0.000000 -0.968097 -0.123326 -0.037204 0.000000
0.000000 -0.967017 -0.130868 -0.034251 0.000000
0.000000 -0.965939 -0.137779 -0.031195 0.000000
0.000000 -0.964881 -0.144040 -0.028045 0.000000
0.000000 -0.963860 -0.149633 -0.024813 0.000000
0.000000 -0.962894 -0.154546 -0.021508 0.000000
0.000000 -0.961997 -0.158767 -0.018140 0.000000
0.000000 -0.961185 -0.162285 -0.014722 0.000000
0.000000 -0.960471 -0.165094 -0.011262 0.000000
0.000000 -0.959865 -0.167187 -0.007773 0.000000
0.000000 -0.959379 -0.168562 -0.004264 0.000000
0.000000 -0.959018 -0.169216 -0.000747 0.000000
0.000000 -0.958789 -0.169149 0.002769 0.000000
0.000000 -0.958697 -0.168361 0.006274 0.000000
0.000000 -0.958742 -0.166854 0.009757 0.000000
0.000000 -0.958926 -0.164633 0.013210 0.000000
0.000000 -0.959247 -0.161701 0.016623 0.000000
0.000000 -0.959703 -0.158065 0.019988 0.000000
0.000000 -0.960288 -0.153733 0.023295 0.000000
0.000000 -0.960996 -0.148713 0.026536 0.000000
0.000000 -0.961818 -0.143018 0.029703 0.000000
0.000000 -0.962744 -0.136661 0.032787 0.000000
0.000000 -0.963759 -0.129656 0.035780 0.000000
0.000000 -0.964848 -0.122020 0.038675 0.000000
0.000000 -0.965996 -0.113773 0.041464 0.000000
0.000000 -0.967182 -0.104935 0.044140 0.000000
0.000000 -0.968386 -0.095529 0.046696 0.000000
0.000000 -0.969588 -0.085581 0.049125 0.000000
0.000000 -0.970764 -0.075115 0.051420 0.000000
0.000000 -0.971892 -0.064161 0.053577 0.000000
0.000000 -0.972951 -0.052747 0.055588 0.000000
0.000000 -0.973920 -0.040905 0.057449 0.000000
0.000000 -0.974777 -0.028668 0.059155 0.000000
0.000000 -0.975506 -0.016069 0.060701 0.000000
0.000000 -0.976088 -0.003143 0.062083 0.000000
0.000000 -0.976511 0.010072 0.063298 0.000000
0.000000 -0.976760 0.023540 0.064343 0.000000
0.000000 -0.976827 0.037221 0.065216 0.000000
0.000000 -0.976704 0.051076 0.065914 0.000000
0.000000 -0.976384 0.065067 0.066438 0.000000
0.000000 -0.975865 0.079153 0.066788 0.000000
0.000000 -0.975145 0.093295 0.066962 0.000000
0.000000 -0.974226 0.107452 0.066963 0.000000
0.000000 -0.973111 0.121586 0.066792 0.000000
0.000000 -0.971805 0.135658 0.066451 0.000000
0.000000 -0.970315 0.149630 0.065943 0.000000
0.000000 -0.968652 0.163463 0.065270 0.000000
0.000000 -0.966825 0.177124 0.064437 0.000000
0.000000 -0.964849 0.190575 0.063446 0.000000
0.000000 -0.962737 0.203783 0.062303 0.000000
0.000000 -0.960505 0.216716 0.061012 0.000000
0.000000 -0.958169 0.229344 0.059578 0.000000
0.000000 -0.955747 0.241635 0.058007 0.000000
0.000000 -0.953257 0.253563 0.056304 0.000000
0.000000 -0.950716 0.265102 0.054476 0.000000
0.000000 -0.948142 0.276227 0.052528 0.000000
0.000000 -0.945552 0.286914 0.050467 0.000000
0.000000 -0.942965 0.297142 0.048299 0.000000
0.000000 -0.940395 0.306892 0.046031 0.000000
0.000000 -0.937859 0.316144 0.043670 0.000000
0.000000 -0.935374 0.324882 0.041223 0.000000
0.000000 -0.932953 0.333090 0.038697 0.000000
0.000000 -0.930611 0.340754 0.036097 0.000000
0.000000 -0.928363 0.347861 0.033431 0.000000
0.000000 -0.926222 0.354400 0.030706 0.000000
0.000000 -0.924203 0.360361 0.027928 0.000000
0.000000 -0.922317 0.365736 0.025104 0.000000
0.000000 -0.920579 0.370518 0.022240 0.000000
0.000000 -0.918999 0.374700 0.019343 0.000000
0.000000 -0.917589 0.378280 0.016420 0.000000
0.000000 -0.916360 0.381254 0.013476 0.000000
0.000000 -0.915321 0.383622 0.010518 0.000000
0.000000 -0.914483 0.385383 0.007553 0.000000
0.000000 -0.913852 0.386538 0.004588 0.000000
0.000000 -0.913435 0.387092 0.001628 0.000000
0.000000 -0.913238 0.387047 -0.001319 0.000000
0.000000 -0.913264 0.386409 -0.004246 0.000000
0.000000 -0.913514 0.385183 -0.007148 0.000000
0.000000 -0.913989 0.383378 -0.010017 0.000000
0.000000 -0.914685 0.380999 -0.012848 0.000000
0.000000 -0.915598 0.378055 -0.015632 0.000000
0.000000 -0.916720 0.374555 -0.018365 0.000000
0.000000 -0.918042 0.370506 -0.021040 0.000000
0.000000 -0.919550 0.365920 -0.023650 0.000000
0.000000 -0.921233 0.360804 -0.026190 0.000000
0.000000 -0.923072 0.355171 -0.028654 0.000000
0.000000 -0.925052 0.349032 -0.031037 0.000000
0.000000 -0.927153 0.342399 -0.033334 0.000000
0.000000 -0.929357 0.335286 -0.035538 0.000000
0.000000 -0.931644 0.327708 -0.037646 0.000000
0.000000 -0.933995 0.319683 -0.039652 0.000000
0.000000 -0.936391 0.311227 -0.041552 0.000000
0.000000 -0.938813 0.302362 -0.043341 0.000000
0.000000 -0.941243 0.293109 -0.045016 0.000000
0.000000 -0.943663 0.283490 -0.046573 0.000000
0.000000 -0.946056 0.273531 -0.048007 0.000000
0.000000 -0.948405 0.263257 -0.049315 0.000000
0.000000 -0.950695 0.252695 -0.050495 0.000000
0.000000 -0.952911 0.241873 -0.051544 0.000000
0.000000 -0.955037 0.230821 -0.052459 0.000000
0.000000 -0.957062 0.219569 -0.053239 0.000000
0.000000 -0.958974 0.208146 -0.053882 0.000000
0.000000 -0.960762 0.196584 -0.054388 0.000000
0.000000 -0.962417 0.184916 -0.054755 0.000000
0.000000 -0.963935 0.173171 -0.054983 0.000000
0.000000 -0.965309 0.161384 -0.055073 0.000000
0.000000 -0.966537 0.149585 -0.055026 0.000000
0.000000 -0.967620 0.137806 -0.054842 0.000000
0.000000 -0.968558 0.126081 -0.054523 0.000000
0.000000 -0.969356 0.114439 -0.054071 0.000000
0.000000 -0.970017 0.102913 -0.053487 0.000000
0.000000 -0.970549 0.091532 -0.052775 0.000000
0.000000 -0.970960 0.080327 -0.051935 0.000000
0.000000 -0.971256 0.069326 -0.050972 0.000000
0.000000 -0.971449 0.058558 -0.049888 0.000000
0.000000 -0.971547 0.048049 -0.048686 0.000000
0.000000 -0.971560 0.037826 -0.047369 0.000000
0.000000 -0.971499 0.027915 -0.045942 0.000000
0.000000 -0.971373 0.018339 -0.044407 0.000000
0.000000 -0.971193 0.009122 -0.042769 0.000000
0.000000 -0.970969 0.000285 -0.041032 0.000000
0.000000 -0.970711 -0.008152 -0.039202 0.000000
0.000000 -0.970427 -0.016168 -0.037282 0.000000
0.000000 -0.970129 -0.023745 -0.035279 0.000000
0.000000 -0.969824 -0.030868 -0.033197 0.000000
0.000000 -0.969524 -0.037520 -0.031043 0.000000
0.000000 -0.969235 -0.043689 -0.028821 0.000000
0.000000 -0.968968 -0.049362 -0.026540 0.000000
0.000000 -0.968731 -0.054527 -0.024203 0.000000
0.000000 -0.968533 -0.059177 -0.021819 0.000000
0.000000 -0.968382 -0.063302 -0.019392 0.000000
0.000000 -0.968287 -0.066897 -0.016930 0.000000
0.000000 -0.968256 -0.069957 -0.014438 0.000000
0.000000 -0.968294 -0.072478 -0.011924 0.000000
0.000000 -0.968410 -0.074459 -0.009393 0.000000
0.000000 -0.968608 -0.075897 -0.006852 0.000000
0.000000 -0.968892 -0.076795 -0.004308 0.000000
0.000000 -0.969266 -0.077153 -0.001766 0.000000
0.000000 -0.969730 -0.076974 0.000766 0.000000
0.000000 -0.970284 -0.076262 0.003282 0.000000
0.000000 -0.970926 -0.075022 0.005777 0.000000
0.000000 -0.971652 -0.073260 0.008242 0.000000
0.000000 -0.972456 -0.070983 0.010673 0.000000
0.000000 -0.973331 -0.068200 0.013063 0.000000
0.000000 -0.974268 -0.064919 0.015406 0.000000
0.000000 -0.975256 -0.061152 0.017694 0.000000
0.000000 -0.976286 -0.056910 0.019923 0.000000
0.000000 -0.977343 -0.052204 0.022087 0.000000
0.000000 -0.978417 -0.047050 0.024178 0.000000
0.000000 -0.979492 -0.041463 0.026192 0.000000
0.000000 -0.980555 -0.035458 0.028123 0.000000
0.000000 -0.981593 -0.029053 0.029965 0.000000
0.000000 -0.982592 -0.022268 0.031713 0.000000
0.000000 -0.983538 -0.015122 0.033363 0.000000
0.000000 -0.984419 -0.007636 0.034908 0.000000
0.000000 -0.985223 0.000167 0.036345 0.000000
0.000000 -0.985937 0.008262 0.037669 0.000000
0.000000 -0.986551 0.016626 0.038877 0.000000
0.000000 -0.987058 0.025232 0.039965 0.000000
0.000000 -0.987447 0.034054 0.040929 0.000000
0.000000 -0.987713 0.043062 0.041767 0.000000
0.000000 -0.987852 0.052230 0.042477 0.000000
0.000000 -0.987858 0.061528 0.043057 0.000000
0.000000 -0.987731 0.070926 0.043504 0.000000
0.000000 -0.987469 0.080396 0.043819 0.000000
0.000000 -0.987073 0.089906 0.044001 0.000000
0.000000 -0.986546 0.099428 0.044049 0.000000
0.000000 -0.985891 0.108933 0.043965 0.000000
0.000000 -0.985113 0.118390 0.043750 0.000000
0.000000 -0.984218 0.127771 0.043404 0.000000
