0.000000 0.000000 0.000000 -0.919888 0.000000
0.000000 -0.000001 -0.000004 -0.919888 0.000000
0.000000 -0.000002 -0.000011 -0.919888 0.000000
0.000000 -0.000005 -0.000024 -0.919888 0.000000
0.000000 -0.000009 -0.000047 -0.919889 0.000000
0.000000 -0.000017 -0.000089 -0.919889 0.000000
0.000000 -0.000031 -0.000164 -0.919891 0.000000
0.000000 -0.000057 -0.000299 -0.919894 0.000000
0.000000 -0.000100 -0.000543 -0.919899 0.000000
0.000000 -0.000172 -0.000983 -0.919907 0.000000
0.000000 -0.000200 -0.001169 -0.919911 0.000000
0.000000 -0.000247 -0.001503 -0.919918 0.000000
0.000000 -0.000264 -0.001632 -0.919920 0.000000
0.000000 -0.000292 -0.001864 -0.919925 0.000000
0.000000 -0.000314 -0.002054 -0.919930 0.000000
0.000000 -0.000342 -0.002310 -0.919935 0.000000
0.000000 -0.000357 -0.002465 -0.919939 0.000000
0.000000 -0.000382 -0.002745 -0.919945 0.000000
0.000000 -0.000392 -0.002871 -0.919948 0.000000
0.000000 -0.000409 -0.003098 -0.919954 0.000000
0.000000 -0.000420 -0.003262 -0.919959 0.000000
0.000000 -0.000436 -0.003532 -0.919966 0.000000
0.000000 -0.000442 -0.003650 -0.919969 0.000000
0.000000 -0.000452 -0.003863 -0.919975 0.000000
0.000000 -0.000458 -0.004027 -0.919980 0.000000
0.000000 -0.000465 -0.004272 -0.919987 0.000000
0.000000 -0.000468 -0.004400 -0.919991 0.000000
0.000000 -0.000472 -0.004631 -0.919999 0.000000
0.000000 -0.000473 -0.004767 -0.920003 0.000000
0.000000 -0.000474 -0.005011 -0.920011 0.000000
0.000000 -0.000473 -0.005131 -0.920015 0.000000
0.000000 -0.000471 -0.005346 -0.920022 0.000000
0.000000 -0.000469 -0.005488 -0.920027 0.000000
0.000000 -0.000462 -0.005743 -0.920035 0.000000
0.000000 -0.000459 -0.005848 -0.920039 0.000000
0.000000 -0.000452 -0.006035 -0.920045 0.000000
0.000000 -0.000445 -0.006200 -0.920051 0.000000
0.000000 -0.000435 -0.006403 -0.920058 0.000000
0.000000 -0.000427 -0.006548 -0.920063 0.000000
0.000000 -0.000411 -0.006793 -0.920071 0.000000
0.000000 -0.000404 -0.006898 -0.920075 0.000000
0.000000 -0.000390 -0.007087 -0.920082 0.000000
0.000000 -0.000377 -0.007241 -0.920088 0.000000
0.000000 -0.000358 -0.007454 -0.920095 0.000000
0.000000 -0.000347 -0.007580 -0.920100 0.000000
0.000000 -0.000324 -0.007808 -0.920107 0.000000
0.000000 -0.000312 -0.007919 -0.920111 0.000000
0.000000 -0.000289 -0.008121 -0.920119 0.000000
0.000000 -0.000273 -0.008254 -0.920124 0.000000
0.000000 -0.000243 -0.008493 -0.920131 0.000000
0.000000 -0.000230 -0.008591 -0.920135 0.000000
0.000000 -0.000206 -0.008769 -0.920141 0.000000
0.000000 -0.000184 -0.008924 -0.920147 0.000000
0.000000 -0.000155 -0.009116 -0.920154 0.000000
0.000000 -0.000134 -0.009252 -0.920159 0.000000
0.000000 -0.000096 -0.009486 -0.920166 0.000000
0.000000 -0.000080 -0.009584 -0.920169 0.000000
0.000000 -0.000049 -0.009759 -0.920176 0.000000
0.000000 -0.000022 -0.009910 -0.920182 0.000000
0.000000 0.000013 -0.010101 -0.920188 0.000000
0.000000 0.000038 -0.010232 -0.920193 0.000000
0.000000 0.000085 -0.010468 -0.920200 0.000000
0.000000 0.000104 -0.010560 -0.920203 0.000000
0.000000 0.000139 -0.010726 -0.920209 0.000000
0.000000 0.000172 -0.010883 -0.920215 0.000000
0.000000 0.000210 -0.011055 -0.920221 0.000000
0.000000 0.000244 -0.011203 -0.920226 0.000000
0.000000 0.000288 -0.011391 -0.920233 0.000000
0.000000 0.000319 -0.011520 -0.920238 0.000000
0.000000 0.000376 -0.011752 -0.920244 0.000000
0.000000 0.000399 -0.011842 -0.920247 0.000000
0.000000 0.000441 -0.012004 -0.920253 0.000000
0.000000 0.000482 -0.012159 -0.920259 0.000000
0.000000 0.000527 -0.012326 -0.920264 0.000000
0.000000 0.000568 -0.012475 -0.920270 0.000000
0.000000 0.000618 -0.012653 -0.920276 0.000000
0.000000 0.000657 -0.012787 -0.920281 0.000000
0.000000 0.000719 -0.012996 -0.920287 0.000000
0.000000 0.000750 -0.013099 -0.920290 0.000000
0.000000 0.000807 -0.013284 -0.920296 0.000000
0.000000 0.000845 -0.013406 -0.920301 0.000000
0.000000 0.000915 -0.013625 -0.920306 0.000000
0.000000 0.000945 -0.013717 -0.920309 0.000000
0.000000 0.000999 -0.013881 -0.920315 0.000000
0.000000 0.001047 -0.014022 -0.920320 0.000000
0.000000 0.001109 -0.014201 -0.920326 0.000000
0.000000 0.001152 -0.014325 -0.920330 0.000000
0.000000 0.001231 -0.014546 -0.920335 0.000000
0.000000 0.001262 -0.014631 -0.920338 0.000000
0.000000 0.001319 -0.014786 -0.920343 0.000000
0.000000 0.001375 -0.014934 -0.920348 0.000000
0.000000 0.001435 -0.015092 -0.920354 0.000000
0.000000 0.001491 -0.015235 -0.920358 0.000000
0.000000 0.001557 -0.015402 -0.920364 0.000000
0.000000 0.001609 -0.015532 -0.920368 0.000000
0.000000 0.001688 -0.015726 -0.920373 0.000000
0.000000 0.001731 -0.015828 -0.920377 0.000000
0.000000 0.001808 -0.016011 -0.920382 0.000000
0.000000 0.001854 -0.016121 -0.920386 0.000000
0.000000 0.001940 -0.016317 -0.920390 0.000000
0.000000 0.001982 -0.016413 -0.920394 0.000000
0.000000 0.002059 -0.016585 -0.920399 0.000000
0.000000 0.002112 -0.016701 -0.920402 0.000000
0.000000 0.002208 -0.016910 -0.920406 0.000000
0.000000 0.002247 -0.016994 -0.920409 0.000000
0.000000 0.002318 -0.017144 -0.920413 0.000000
0.000000 0.002384 -0.017281 -0.920418 0.000000
0.000000 0.002461 -0.017439 -0.920422 0.000000
0.000000 0.002523 -0.017566 -0.920426 0.000000
0.000000 0.002613 -0.017744 -0.920431 0.000000
0.000000 0.002665 -0.017847 -0.920434 0.000000
0.000000 0.002760 -0.018031 -0.920438 0.000000
0.000000 0.002810 -0.018127 -0.920441 0.000000
0.000000 0.002901 -0.018300 -0.920445 0.000000
0.000000 0.002957 -0.018405 -0.920448 0.000000
0.000000 0.003059 -0.018592 -0.920451 0.000000
0.000000 0.003108 -0.018682 -0.920454 0.000000
0.000000 0.003197 -0.018842 -0.920458 0.000000
0.000000 0.003260 -0.018955 -0.920461 0.000000
0.000000 0.003373 -0.019151 -0.920463 0.000000
0.000000 0.003419 -0.019231 -0.920465 0.000000
0.000000 0.003502 -0.019374 -0.920468 0.000000
0.000000 0.003578 -0.019502 -0.920472 0.000000
0.000000 0.003669 -0.019653 -0.920475 0.000000
0.000000 0.003740 -0.019771 -0.920478 0.000000
0.000000 0.003847 -0.019945 -0.920481 0.000000
0.000000 0.003904 -0.020037 -0.920483 0.000000
0.000000 0.004008 -0.020202 -0.920486 0.000000
0.000000 0.004070 -0.020300 -0.920489 0.000000
0.000000 0.004184 -0.020476 -0.920491 0.000000
0.000000 0.004240 -0.020563 -0.920493 0.000000
0.000000 0.004342 -0.020718 -0.920496 0.000000
0.000000 0.004411 -0.020822 -0.920499 0.000000
0.000000 0.004537 -0.021008 -0.920500 0.000000
0.000000 0.004589 -0.021083 -0.920502 0.000000
0.000000 0.004682 -0.021219 -0.920505 0.000000
0.000000 0.004767 -0.021340 -0.920508 0.000000
0.000000 0.004869 -0.021485 -0.920511 0.000000
0.000000 0.004947 -0.021594 -0.920514 0.000000
0.000000 0.005069 -0.021763 -0.920516 0.000000
0.000000 0.005130 -0.021846 -0.920518 0.000000
0.000000 0.005240 -0.021996 -0.920521 0.000000
0.000000 0.005314 -0.022095 -0.920524 0.000000
0.000000 0.005449 -0.022272 -0.920525 0.000000
0.000000 0.005504 -0.022345 -0.920527 0.000000
0.000000 0.005606 -0.022477 -0.920530 0.000000
0.000000 0.005695 -0.022592 -0.920533 0.000000
0.000000 0.005807 -0.022733 -0.920537 0.000000
0.000000 0.005888 -0.022834 -0.920539 0.000000
0.000000 0.006024 -0.023003 -0.920542 0.000000
0.000000 0.006085 -0.023077 -0.920544 0.000000
0.000000 0.006194 -0.023210 -0.920547 0.000000
0.000000 0.006282 -0.023316 -0.920551 0.000000
0.000000 0.006409 -0.023466 -0.920554 0.000000
0.000000 0.006482 -0.023552 -0.920557 0.000000
0.000000 0.006614 -0.023705 -0.920560 0.000000
0.000000 0.006684 -0.023786 -0.920563 0.000000
0.000000 0.006811 -0.023930 -0.920567 0.000000
0.000000 0.006888 -0.024016 -0.920571 0.000000
0.000000 0.007027 -0.024171 -0.920574 0.000000
0.000000 0.007095 -0.024246 -0.920577 0.000000
0.000000 0.007219 -0.024381 -0.920582 0.000000
0.000000 0.007304 -0.024472 -0.920586 0.000000
0.000000 0.007458 -0.024636 -0.920590 0.000000
0.000000 0.007519 -0.024701 -0.920592 0.000000
0.000000 0.007630 -0.024817 -0.920597 0.000000
0.000000 0.007735 -0.024925 -0.920602 0.000000
0.000000 0.007851 -0.025044 -0.920608 0.000000
0.000000 0.007952 -0.025147 -0.920613 0.000000
0.000000 0.008082 -0.025276 -0.920618 0.000000
0.000000 0.008171 -0.025364 -0.920623 0.000000
0.000000 0.008332 -0.025522 -0.920627 0.000000
0.000000 0.008396 -0.025584 -0.920630 0.000000
0.000000 0.008512 -0.025695 -0.920636 0.000000
0.000000 0.008622 -0.025799 -0.920641 0.000000
0.000000 0.008744 -0.025913 -0.920647 0.000000
0.000000 0.008850 -0.026012 -0.920653 0.000000
0.000000 0.008984 -0.026135 -0.920659 0.000000
0.000000 0.009078 -0.026220 -0.920663 0.000000
0.000000 0.009246 -0.026371 -0.920669 0.000000
0.000000 0.009313 -0.026431 -0.920672 0.000000
0.000000 0.009434 -0.026537 -0.920678 0.000000
0.000000 0.009548 -0.026637 -0.920684 0.000000
0.000000 0.009676 -0.026746 -0.920690 0.000000
0.000000 0.009785 -0.026839 -0.920695 0.000000
0.000000 0.009927 -0.026959 -0.920702 0.000000
0.000000 0.010022 -0.027038 -0.920706 0.000000
0.000000 0.010195 -0.027180 -0.920712 0.000000
0.000000 0.010266 -0.027238 -0.920715 0.000000
0.000000 0.010395 -0.027342 -0.920721 0.000000
0.000000 0.010509 -0.027433 -0.920727 0.000000
0.000000 0.010649 -0.027543 -0.920733 0.000000
0.000000 0.010753 -0.027624 -0.920738 0.000000
0.000000 0.010922 -0.027754 -0.920744 0.000000
0.000000 0.011001 -0.027814 -0.920748 0.000000
0.000000 0.011143 -0.027922 -0.920754 0.000000
0.000000 0.011248 -0.028000 -0.920758 0.000000
0.000000 0.011421 -0.028127 -0.920764 0.000000
0.000000 0.011500 -0.028184 -0.920768 0.000000
0.000000 0.011642 -0.028287 -0.920773 0.000000
0.000000 0.011751 -0.028364 -0.920778 0.000000
0.000000 0.011919 -0.028483 -0.920783 0.000000
0.000000 0.012004 -0.028542 -0.920787 0.000000
0.000000 0.012158 -0.028648 -0.920792 0.000000
0.000000 0.012258 -0.028716 -0.920796 0.000000
0.000000 0.012439 -0.028838 -0.920801 0.000000
0.000000 0.012517 -0.028890 -0.920804 0.000000
0.000000 0.012658 -0.028983 -0.920809 0.000000
0.000000 0.012775 -0.029059 -0.920813 0.000000
0.000000 0.012935 -0.029162 -0.920818 0.000000
0.000000 0.013034 -0.029224 -0.920821 0.000000
0.000000 0.013213 -0.029337 -0.920825 0.000000
0.000000 0.013297 -0.029389 -0.920828 0.000000
0.000000 0.013449 -0.029481 -0.920832 0.000000
0.000000 0.013559 -0.029549 -0.920836 0.000000
0.000000 0.013743 -0.029658 -0.920839 0.000000
0.000000 0.013826 -0.029707 -0.920841 0.000000
0.000000 0.013975 -0.029794 -0.920845 0.000000
0.000000 0.014092 -0.029862 -0.920847 0.000000
0.000000 0.014266 -0.029961 -0.920850 0.000000
0.000000 0.014359 -0.030013 -0.920852 0.000000
0.000000 0.014527 -0.030106 -0.920855 0.000000
0.000000 0.014627 -0.030162 -0.920857 0.000000
0.000000 0.014808 -0.030260 -0.920859 0.000000
0.000000 0.014898 -0.030308 -0.920860 0.000000
0.000000 0.015061 -0.030393 -0.920862 0.000000
0.000000 0.015169 -0.030450 -0.920864 0.000000
0.000000 0.015364 -0.030550 -0.920863 0.000000
0.000000 0.015446 -0.030592 -0.920865 0.000000
0.000000 0.015593 -0.030666 -0.920866 0.000000
0.000000 0.015721 -0.030729 -0.920867 0.000000
0.000000 0.015882 -0.030808 -0.920868 0.000000
0.000000 0.015997 -0.030863 -0.920869 0.000000
0.000000 0.016195 -0.030957 -0.920867 0.000000
0.000000 0.016278 -0.030996 -0.920867 0.000000
0.000000 0.016428 -0.031066 -0.920868 0.000000
0.000000 0.016558 -0.031125 -0.920868 0.000000
0.000000 0.016723 -0.031199 -0.920868 0.000000
0.000000 0.016837 -0.031250 -0.920868 0.000000
0.000000 0.017043 -0.031339 -0.920864 0.000000
0.000000 0.017124 -0.031374 -0.920865 0.000000
0.000000 0.017270 -0.031436 -0.920864 0.000000
0.000000 0.017410 -0.031495 -0.920864 0.000000
0.000000 0.017562 -0.031558 -0.920864 0.000000
0.000000 0.017696 -0.031612 -0.920863 0.000000
0.000000 0.017863 -0.031679 -0.920862 0.000000
0.000000 0.017982 -0.031726 -0.920862 0.000000
0.000000 0.018186 -0.031805 -0.920859 0.000000
0.000000 0.018273 -0.031838 -0.920859 0.000000
0.000000 0.018429 -0.031897 -0.920858 0.000000
0.000000 0.018562 -0.031946 -0.920858 0.000000
0.000000 0.018736 -0.032010 -0.920858 0.000000
0.000000 0.018851 -0.032051 -0.920858 0.000000
0.000000 0.019057 -0.032123 -0.920857 0.000000
0.000000 0.019145 -0.032154 -0.920858 0.000000
0.000000 0.019303 -0.032208 -0.920860 0.000000
0.000000 0.019437 -0.032253 -0.920862 0.000000
0.000000 0.019613 -0.032311 -0.920866 0.000000
0.000000 0.019729 -0.032349 -0.920869 0.000000
0.000000 0.019937 -0.032415 -0.920874 0.000000
0.000000 0.020026 -0.032443 -0.920878 0.000000
0.000000 0.020186 -0.032493 -0.920885 0.000000
0.000000 0.020321 -0.032533 -0.920892 0.000000
0.000000 0.020500 -0.032587 -0.920901 0.000000
0.000000 0.020616 -0.032620 -0.920907 0.000000
0.000000 0.020824 -0.032680 -0.920916 0.000000
0.000000 0.020915 -0.032705 -0.920922 0.000000
0.000000 0.021079 -0.032750 -0.920930 0.000000
0.000000 0.021212 -0.032786 -0.920938 0.000000
0.000000 0.021400 -0.032835 -0.920947 0.000000
0.000000 0.021509 -0.032863 -0.920953 0.000000
0.000000 0.021706 -0.032913 -0.920962 0.000000
0.000000 0.021808 -0.032938 -0.920967 0.000000
0.000000 0.021992 -0.032982 -0.920976 0.000000
0.000000 0.022106 -0.033009 -0.920982 0.000000
0.000000 0.022313 -0.033056 -0.920991 0.000000
0.000000 0.022408 -0.033077 -0.920996 0.000000
0.000000 0.022580 -0.033114 -0.921005 0.000000
0.000000 0.022708 -0.033142 -0.921012 0.000000
0.000000 0.022913 -0.033184 -0.921021 0.000000
0.000000 0.023010 -0.033204 -0.921027 0.000000
0.000000 0.023185 -0.033238 -0.921036 0.000000
0.000000 0.023311 -0.033262 -0.921043 0.000000
0.000000 0.023525 -0.033301 -0.921052 0.000000
0.000000 0.023617 -0.033318 -0.921057 0.000000
0.000000 0.023782 -0.033347 -0.921067 0.000000
0.000000 0.023920 -0.033370 -0.921074 0.000000
0.000000 0.024106 -0.033401 -0.921084 0.000000
0.000000 0.024222 -0.033419 -0.921091 0.000000
0.000000 0.024431 -0.033451 -0.921101 0.000000
0.000000 0.024527 -0.033466 -0.921106 0.000000
0.000000 0.024701 -0.033491 -0.921116 0.000000
0.000000 0.024830 -0.033509 -0.921124 0.000000
0.000000 0.025038 -0.033536 -0.921133 0.000000
0.000000 0.025136 -0.033549 -0.921139 0.000000
0.000000 0.025313 -0.033570 -0.921149 0.000000
0.000000 0.025440 -0.033585 -0.921156 0.000000
0.000000 0.025655 -0.033609 -0.921166 0.000000
0.000000 0.025748 -0.033619 -0.921171 0.000000
0.000000 0.025915 -0.033636 -0.921180 0.000000
0.000000 0.026053 -0.033650 -0.921188 0.000000
0.000000 0.026242 -0.033667 -0.921197 0.000000
0.000000 0.026358 -0.033677 -0.921204 0.000000
0.000000 0.026565 -0.033693 -0.921213 0.000000
0.000000 0.026665 -0.033701 -0.921218 0.000000
0.000000 0.026843 -0.033714 -0.921227 0.000000
0.000000 0.026969 -0.033722 -0.921233 0.000000
0.000000 0.027189 -0.033735 -0.921242 0.000000
0.000000 0.027280 -0.033740 -0.921246 0.000000
0.000000 0.027443 -0.033748 -0.921254 0.000000
0.000000 0.027587 -0.033755 -0.921262 0.000000
0.000000 0.027763 -0.033762 -0.921270 0.000000
0.000000 0.027894 -0.033766 -0.921276 0.000000
0.000000 0.028104 -0.033772 -0.921284 0.000000
0.000000 0.028202 -0.033774 -0.921289 0.000000
0.000000 0.028379 -0.033778 -0.921296 0.000000
0.000000 0.028509 -0.033779 -0.921302 0.000000
0.000000 0.028721 -0.033781 -0.921309 0.000000
0.000000 0.028818 -0.033781 -0.921314 0.000000
0.000000 0.028992 -0.033781 -0.921321 0.000000
0.000000 0.029124 -0.033780 -0.921326 0.000000
0.000000 0.029329 -0.033777 -0.921333 0.000000
0.000000 0.029432 -0.033775 -0.921337 0.000000
0.000000 0.029616 -0.033770 -0.921343 0.000000
0.000000 0.029737 -0.033767 -0.921348 0.000000
0.000000 0.029956 -0.033759 -0.921353 0.000000
0.000000 0.030048 -0.033756 -0.921357 0.000000
0.000000 0.030214 -0.033748 -0.921362 0.000000
0.000000 0.030356 -0.033741 -0.921367 0.000000
0.000000 0.030540 -0.033731 -0.921373 0.000000
0.000000 0.030662 -0.033723 -0.921377 0.000000
0.000000 0.030881 -0.033709 -0.921380 0.000000
0.000000 0.030973 -0.033702 -0.921383 0.000000
0.000000 0.031137 -0.033689 -0.921388 0.000000
0.000000 0.031281 -0.033678 -0.921392 0.000000
0.000000 0.031460 -0.033662 -0.921396 0.000000
0.000000 0.031587 -0.033650 -0.921399 0.000000
0.000000 0.031807 -0.033628 -0.921402 0.000000
0.000000 0.031898 -0.033619 -0.921404 0.000000
0.000000 0.032062 -0.033601 -0.921407 0.000000
0.000000 0.032206 -0.033584 -0.921410 0.000000
0.000000 0.032384 -0.033563 -0.921414 0.000000
0.000000 0.032512 -0.033547 -0.921416 0.000000
0.000000 0.032729 -0.033519 -0.921417 0.000000
0.000000 0.032822 -0.033506 -0.921418 0.000000
0.000000 0.032989 -0.033482 -0.921420 0.000000
0.000000 0.033128 -0.033462 -0.921421 0.000000
0.000000 0.033315 -0.033433 -0.921422 0.000000
0.000000 0.033432 -0.033415 -0.921423 0.000000
0.000000 0.033643 -0.033380 -0.921421 0.000000
0.000000 0.033739 -0.033364 -0.921422 0.000000
0.000000 0.033913 -0.033333 -0.921421 0.000000
0.000000 0.034043 -0.033310 -0.921421 0.000000
0.000000 0.034250 -0.033271 -0.921419 0.000000
0.000000 0.034348 -0.033253 -0.921418 0.000000
0.000000 0.034526 -0.033218 -0.921416 0.000000
0.000000 0.034651 -0.033192 -0.921415 0.000000
0.000000 0.034868 -0.033147 -0.921409 0.000000
0.000000 0.034958 -0.033128 -0.921408 0.000000
0.000000 0.035120 -0.033092 -0.921405 0.000000
0.000000 0.035262 -0.033060 -0.921402 0.000000
0.000000 0.035438 -0.033020 -0.921398 0.000000
0.000000 0.035563 -0.032990 -0.921395 0.000000
0.000000 0.035778 -0.032938 -0.921386 0.000000
0.000000 0.035868 -0.032916 -0.921384 0.000000
0.000000 0.036030 -0.032874 -0.921379 0.000000
0.000000 0.036170 -0.032838 -0.921375 0.000000
0.000000 0.036348 -0.032791 -0.921369 0.000000
0.000000 0.036469 -0.032759 -0.921365 0.000000
0.000000 0.036685 -0.032698 -0.921354 0.000000
0.000000 0.036773 -0.032674 -0.921352 0.000000
0.000000 0.036930 -0.032629 -0.921346 0.000000
0.000000 0.037073 -0.032587 -0.921341 0.000000
0.000000 0.037239 -0.032537 -0.921335 0.000000
0.000000 0.037372 -0.032497 -0.921331 0.000000
0.000000 0.037561 -0.032438 -0.921323 0.000000
0.000000 0.037668 -0.032404 -0.921319 0.000000
0.000000 0.037862 -0.032342 -0.921310 0.000000
0.000000 0.037965 -0.032308 -0.921307 0.000000
0.000000 0.038148 -0.032247 -0.921298 0.000000
0.000000 0.038259 -0.032209 -0.921294 0.000000
0.000000 0.038457 -0.032141 -0.921284 0.000000
0.000000 0.038553 -0.032107 -0.921280 0.000000
0.000000 0.038727 -0.032045 -0.921271 0.000000
0.000000 0.038845 -0.032002 -0.921266 0.000000
0.000000 0.039056 -0.031924 -0.921253 0.000000
0.000000 0.039141 -0.031892 -0.921249 0.000000
0.000000 0.039293 -0.031835 -0.921241 0.000000
0.000000 0.039434 -0.031780 -0.921233 0.000000
0.000000 0.039593 -0.031718 -0.921224 0.000000
0.000000 0.039724 -0.031666 -0.921217 0.000000
0.000000 0.039903 -0.031593 -0.921206 0.000000
0.000000 0.040011 -0.031549 -0.921200 0.000000
0.000000 0.040205 -0.031468 -0.921186 0.000000
0.000000 0.040299 -0.031428 -0.921181 0.000000
0.000000 0.040468 -0.031356 -0.921170 0.000000
0.000000 0.040584 -0.031306 -0.921163 0.000000
0.000000 0.040792 -0.031214 -0.921146 0.000000
0.000000 0.040873 -0.031177 -0.921141 0.000000
0.000000 0.041020 -0.031111 -0.921132 0.000000
0.000000 0.041159 -0.031047 -0.921123 0.000000
0.000000 0.041310 -0.030976 -0.921113 0.000000
0.000000 0.041443 -0.030914 -0.921105 0.000000
0.000000 0.041606 -0.030836 -0.921094 0.000000
0.000000 0.041724 -0.030779 -0.921087 0.000000
0.000000 0.041920 -0.030682 -0.921073 0.000000
0.000000 0.042006 -0.030639 -0.921068 0.000000
0.000000 0.042161 -0.030561 -0.921059 0.000000
0.000000 0.042284 -0.030498 -0.921052 0.000000
0.000000 0.042460 -0.030406 -0.921041 0.000000
0.000000 0.042560 -0.030354 -0.921036 0.000000
0.000000 0.042740 -0.030258 -0.921025 0.000000
0.000000 0.042835 -0.030207 -0.921020 0.000000
0.000000 0.043006 -0.030114 -0.921011 0.000000
0.000000 0.043108 -0.030058 -0.921006 0.000000
0.000000 0.043290 -0.029956 -0.920996 0.000000
0.000000 0.043380 -0.029905 -0.920992 0.000000
0.000000 0.043542 -0.029812 -0.920984 0.000000
0.000000 0.043649 -0.029750 -0.920979 0.000000
0.000000 0.043841 -0.029637 -0.920969 0.000000
0.000000 0.043921 -0.029590 -0.920966 0.000000
0.000000 0.044065 -0.029504 -0.920960 0.000000
0.000000 0.044189 -0.029428 -0.920955 0.000000
0.000000 0.044345 -0.029332 -0.920949 0.000000
0.000000 0.044454 -0.029264 -0.920945 0.000000
0.000000 0.044646 -0.029143 -0.920936 0.000000
0.000000 0.044722 -0.029094 -0.920933 0.000000
0.000000 0.044860 -0.029006 -0.920929 0.000000
0.000000 0.044987 -0.028923 -0.920925 0.000000
0.000000 0.045130 -0.028828 -0.920920 0.000000
0.000000 0.045248 -0.028749 -0.920917 0.000000
0.000000 0.045409 -0.028640 -0.920912 0.000000
0.000000 0.045507 -0.028573 -0.920909 0.000000
0.000000 0.045683 -0.028451 -0.920902 0.000000
0.000000 0.045766 -0.028392 -0.920900 0.000000
0.000000 0.045915 -0.028286 -0.920895 0.000000
0.000000 0.046021 -0.028210 -0.920892 0.000000
0.000000 0.046203 -0.028078 -0.920885 0.000000
0.000000 0.046278 -0.028023 -0.920883 0.000000
0.000000 0.046414 -0.027922 -0.920879 0.000000
0.000000 0.046531 -0.027834 -0.920876 0.000000
0.000000 0.046678 -0.027722 -0.920872 0.000000
0.000000 0.046781 -0.027643 -0.920869 0.000000
0.000000 0.046959 -0.027504 -0.920862 0.000000
0.000000 0.047033 -0.027446 -0.920860 0.000000
0.000000 0.047165 -0.027341 -0.920857 0.000000
0.000000 0.047280 -0.027248 -0.920854 0.000000
0.000000 0.047423 -0.027132 -0.920850 0.000000
0.000000 0.047524 -0.027049 -0.920848 0.000000
0.000000 0.047698 -0.026904 -0.920840 0.000000
0.000000 0.047770 -0.026843 -0.920839 0.000000
0.000000 0.047900 -0.026732 -0.920835 0.000000
0.000000 0.048012 -0.026636 -0.920832 0.000000
0.000000 0.048152 -0.026513 -0.920827 0.000000
0.000000 0.048250 -0.026428 -0.920824 0.000000
0.000000 0.048422 -0.026274 -0.920815 0.000000
0.000000 0.048490 -0.026212 -0.920813 0.000000
0.000000 0.048612 -0.026101 -0.920809 0.000000
0.000000 0.048727 -0.025996 -0.920806 0.000000
0.000000 0.048853 -0.025878 -0.920801 0.000000
0.000000 0.048961 -0.025777 -0.920797 0.000000
0.000000 0.049099 -0.025645 -0.920792 0.000000
0.000000 0.049191 -0.025556 -0.920789 0.000000
0.000000 0.049354 -0.025396 -0.920780 0.000000
0.000000 0.049422 -0.025329 -0.920777 0.000000
0.000000 0.049543 -0.025209 -0.920772 0.000000
0.000000 0.049649 -0.025102 -0.920768 0.000000
0.000000 0.049780 -0.024969 -0.920762 0.000000
0.000000 0.049873 -0.024873 -0.920758 0.000000
0.000000 0.050029 -0.024710 -0.920748 0.000000
0.000000 0.050096 -0.024639 -0.920745 0.000000
0.000000 0.050217 -0.024510 -0.920739 0.000000
0.000000 0.050316 -0.024404 -0.920734 0.000000
0.000000 0.050450 -0.024257 -0.920726 0.000000
0.000000 0.050531 -0.024167 -0.920722 0.000000
0.000000 0.050677 -0.024005 -0.920712 0.000000
0.000000 0.050746 -0.023926 -0.920708 0.000000
0.000000 0.050870 -0.023785 -0.920700 0.000000
0.000000 0.050957 -0.023685 -0.920694 0.000000
0.000000 0.051107 -0.023509 -0.920682 0.000000
0.000000 0.051168 -0.023437 -0.920678 0.000000
0.000000 0.051278 -0.023306 -0.920670 0.000000
0.000000 0.051376 -0.023188 -0.920664 0.000000
0.000000 0.051492 -0.023046 -0.920655 0.000000
0.000000 0.051579 -0.022939 -0.920649 0.000000
0.000000 0.051716 -0.022767 -0.920637 0.000000
0.000000 0.051781 -0.022685 -0.920632 0.000000
0.000000 0.051897 -0.022537 -0.920622 0.000000
0.000000 0.051978 -0.022432 -0.920616 0.000000
0.000000 0.052118 -0.022248 -0.920602 0.000000
0.000000 0.052176 -0.022171 -0.920597 0.000000
0.000000 0.052280 -0.022032 -0.920588 0.000000
0.000000 0.052370 -0.021911 -0.920580 0.000000
0.000000 0.052482 -0.021757 -0.920570 0.000000
0.000000 0.052559 -0.021650 -0.920563 0.000000
0.000000 0.052696 -0.021458 -0.920548 0.000000
0.000000 0.052749 -0.021382 -0.920543 0.000000
0.000000 0.052846 -0.021243 -0.920534 0.000000
0.000000 0.052936 -0.021113 -0.920526 0.000000
0.000000 0.053034 -0.020968 -0.920516 0.000000
0.000000 0.053118 -0.020842 -0.920508 0.000000
0.000000 0.053225 -0.020681 -0.920496 0.000000
0.000000 0.053297 -0.020572 -0.920489 0.000000
0.000000 0.053425 -0.020373 -0.920473 0.000000
0.000000 0.053476 -0.020293 -0.920467 0.000000
0.000000 0.053568 -0.020148 -0.920457 0.000000
0.000000 0.053651 -0.020015 -0.920448 0.000000
0.000000 0.053746 -0.019860 -0.920438 0.000000
0.000000 0.053822 -0.019736 -0.920429 0.000000
0.000000 0.053928 -0.019558 -0.920416 0.000000
0.000000 0.053989 -0.019456 -0.920409 0.000000
0.000000 0.054096 -0.019272 -0.920396 0.000000
0.000000 0.054153 -0.019173 -0.920389 0.000000
0.000000 0.054254 -0.018995 -0.920377 0.000000
0.000000 0.054314 -0.018890 -0.920370 0.000000
0.000000 0.054420 -0.018699 -0.920356 0.000000
0.000000 0.054472 -0.018603 -0.920351 0.000000
0.000000 0.054566 -0.018429 -0.920339 0.000000
0.000000 0.054627 -0.018316 -0.920332 0.000000
0.000000 0.054734 -0.018111 -0.920317 0.000000
0.000000 0.054780 -0.018023 -0.920312 0.000000
0.000000 0.054861 -0.017864 -0.920303 0.000000
0.000000 0.054929 -0.017731 -0.920295 0.000000
0.000000 0.055018 -0.017553 -0.920284 0.000000
0.000000 0.055074 -0.017439 -0.920278 0.000000
0.000000 0.055173 -0.017233 -0.920264 0.000000
0.000000 0.055217 -0.017141 -0.920260 0.000000
0.000000 0.055295 -0.016976 -0.920250 0.000000
0.000000 0.055356 -0.016845 -0.920244 0.000000
0.000000 0.055444 -0.016652 -0.920232 0.000000
0.000000 0.055491 -0.016548 -0.920227 0.000000
0.000000 0.055575 -0.016359 -0.920217 0.000000
0.000000 0.055623 -0.016249 -0.920211 0.000000
0.000000 0.055708 -0.016051 -0.920200 0.000000
0.000000 0.055752 -0.015948 -0.920195 0.000000
0.000000 0.055829 -0.015763 -0.920186 0.000000
0.000000 0.055877 -0.015647 -0.920181 0.000000
0.000000 0.055962 -0.015438 -0.920170 0.000000
0.000000 0.056000 -0.015342 -0.920166 0.000000
0.000000 0.056068 -0.015168 -0.920158 0.000000
0.000000 0.056119 -0.015037 -0.920153 0.000000
0.000000 0.056197 -0.014830 -0.920143 0.000000
0.000000 0.056234 -0.014730 -0.920140 0.000000
0.000000 0.056301 -0.014549 -0.920133 0.000000
0.000000 0.056346 -0.014423 -0.920129 0.000000
0.000000 0.056426 -0.014198 -0.920118 0.000000
0.000000 0.056457 -0.014109 -0.920116 0.000000
0.000000 0.056512 -0.013948 -0.920111 0.000000
0.000000 0.056563 -0.013795 -0.920107 0.000000
0.000000 0.056618 -0.013629 -0.920102 0.000000
0.000000 0.056666 -0.013481 -0.920099 0.000000
0.000000 0.056724 -0.013300 -0.920095 0.000000
0.000000 0.056765 -0.013167 -0.920092 0.000000
0.000000 0.056832 -0.012949 -0.920086 0.000000
0.000000 0.056862 -0.012849 -0.920084 0.000000
0.000000 0.056915 -0.012669 -0.920081 0.000000
0.000000 0.056954 -0.012534 -0.920079 0.000000
0.000000 0.057014 -0.012319 -0.920075 0.000000
0.000000 0.057043 -0.012215 -0.920074 0.000000
0.000000 0.057093 -0.012028 -0.920072 0.000000
0.000000 0.057127 -0.011898 -0.920071 0.000000
0.000000 0.057187 -0.011665 -0.920066 0.000000
0.000000 0.057210 -0.011573 -0.920066 0.000000
0.000000 0.057251 -0.011408 -0.920065 0.000000
0.000000 0.057289 -0.011250 -0.920065 0.000000
0.000000 0.057330 -0.011079 -0.920064 0.000000
0.000000 0.057365 -0.010927 -0.920064 0.000000
0.000000 0.057406 -0.010740 -0.920064 0.000000
0.000000 0.057436 -0.010604 -0.920064 0.000000
0.000000 0.057483 -0.010379 -0.920061 0.000000
0.000000 0.057504 -0.010278 -0.920062 0.000000
0.000000 0.057541 -0.010095 -0.920062 0.000000
0.000000 0.057568 -0.009953 -0.920062 0.000000
0.000000 0.057608 -0.009740 -0.920061 0.000000
0.000000 0.057629 -0.009628 -0.920061 0.000000
0.000000 0.057665 -0.009427 -0.920061 0.000000
0.000000 0.057686 -0.009304 -0.920061 0.000000
0.000000 0.057722 -0.009083 -0.920060 0.000000
0.000000 0.057739 -0.008977 -0.920061 0.000000
0.000000 0.057769 -0.008785 -0.920061 0.000000
0.000000 0.057789 -0.008651 -0.920062 0.000000
0.000000 0.057823 -0.008415 -0.920060 0.000000
0.000000 0.057836 -0.008319 -0.920061 0.000000
0.000000 0.057859 -0.008146 -0.920062 0.000000
0.000000 0.057879 -0.007989 -0.920063 0.000000
0.000000 0.057901 -0.007804 -0.920064 0.000000
0.000000 0.057918 -0.007661 -0.920065 0.000000
0.000000 0.057942 -0.007445 -0.920065 0.000000
0.000000 0.057954 -0.007332 -0.920066 0.000000
0.000000 0.057974 -0.007127 -0.920067 0.000000
0.000000 0.057985 -0.007003 -0.920069 0.000000
0.000000 0.058005 -0.006780 -0.920069 0.000000
0.000000 0.058014 -0.006672 -0.920071 0.000000
0.000000 0.058029 -0.006478 -0.920073 0.000000
0.000000 0.058038 -0.006343 -0.920074 0.000000
0.000000 0.058054 -0.006102 -0.920074 0.000000
0.000000 0.058060 -0.006007 -0.920076 0.000000
0.000000 0.058069 -0.005836 -0.920078 0.000000
0.000000 0.058078 -0.005673 -0.920081 0.000000
0.000000 0.058085 -0.005497 -0.920083 0.000000
0.000000 0.058092 -0.005339 -0.920086 0.000000
0.000000 0.058098 -0.005150 -0.920089 0.000000
0.000000 0.058102 -0.005006 -0.920092 0.000000
0.000000 0.058107 -0.004783 -0.920095 0.000000
0.000000 0.058108 -0.004673 -0.920097 0.000000
0.000000 0.058110 -0.004474 -0.920100 0.000000
0.000000 0.058111 -0.004342 -0.920103 0.000000
0.000000 0.058111 -0.004102 -0.920106 0.000000
0.000000 0.058110 -0.004004 -0.920108 0.000000
0.000000 0.058108 -0.003828 -0.920112 0.000000
0.000000 0.058106 -0.003670 -0.920116 0.000000
0.000000 0.058102 -0.003480 -0.920121 0.000000
0.000000 0.058098 -0.003338 -0.920124 0.000000
0.000000 0.058090 -0.003112 -0.920128 0.000000
0.000000 0.058086 -0.003005 -0.920131 0.000000
0.000000 0.058077 -0.002812 -0.920136 0.000000
0.000000 0.058071 -0.002674 -0.920139 0.000000
0.000000 0.058057 -0.002440 -0.920143 0.000000
0.000000 0.058051 -0.002339 -0.920146 0.000000
0.000000 0.058039 -0.002158 -0.920151 0.000000
0.000000 0.058029 -0.002008 -0.920155 0.000000
0.000000 0.058013 -0.001805 -0.920159 0.000000
0.000000 0.058002 -0.001679 -0.920163 0.000000
0.000000 0.057982 -0.001451 -0.920166 0.000000
0.000000 0.057972 -0.001347 -0.920169 0.000000
0.000000 0.057953 -0.001159 -0.920174 0.000000
0.000000 0.057939 -0.001018 -0.920177 0.000000
0.000000 0.057914 -0.000796 -0.920181 0.000000
0.000000 0.057901 -0.000689 -0.920184 0.000000
0.000000 0.057877 -0.000496 -0.920188 0.000000
0.000000 0.057860 -0.000362 -0.920191 0.000000
0.000000 0.057828 -0.000123 -0.920193 0.000000
0.000000 0.057815 -0.000029 -0.920196 0.000000
0.000000 0.057791 0.000140 -0.920199 0.000000
0.000000 0.057766 0.000300 -0.920203 0.000000
0.000000 0.057739 0.000476 -0.920207 0.000000
0.000000 0.057714 0.000629 -0.920210 0.000000
0.000000 0.057682 0.000820 -0.920213 0.000000
0.000000 0.057659 0.000954 -0.920216 0.000000
0.000000 0.057617 0.001188 -0.920217 0.000000
0.000000 0.057599 0.001284 -0.920219 0.000000
0.000000 0.057566 0.001457 -0.920222 0.000000
0.000000 0.057536 0.001611 -0.920225 0.000000
0.000000 0.057498 0.001796 -0.920228 0.000000
0.000000 0.057469 0.001935 -0.920230 0.000000
0.000000 0.057422 0.002154 -0.920232 0.000000
0.000000 0.057399 0.002259 -0.920234 0.000000
0.000000 0.057356 0.002449 -0.920236 0.000000
0.000000 0.057326 0.002580 -0.920238 0.000000
0.000000 0.057270 0.002816 -0.920238 0.000000
0.000000 0.057247 0.002908 -0.920240 0.000000
0.000000 0.057206 0.003073 -0.920242 0.000000
0.000000 0.057166 0.003231 -0.920244 0.000000
0.000000 0.057121 0.003401 -0.920246 0.000000
0.000000 0.057081 0.003554 -0.920248 0.000000
0.000000 0.057031 0.003736 -0.920250 0.000000
0.000000 0.056993 0.003873 -0.920252 0.000000
0.000000 0.056931 0.004087 -0.920252 0.000000
0.000000 0.056901 0.004193 -0.920254 0.000000
0.000000 0.056844 0.004382 -0.920255 0.000000
0.000000 0.056806 0.004509 -0.920256 0.000000
0.000000 0.056735 0.004737 -0.920255 0.000000
0.000000 0.056706 0.004830 -0.920256 0.000000
0.000000 0.056652 0.004997 -0.920258 0.000000
0.000000 0.056603 0.005146 -0.920259 0.000000
0.000000 0.056543 0.005325 -0.920260 0.000000
0.000000 0.056497 0.005460 -0.920262 0.000000
0.000000 0.056425 0.005669 -0.920262 0.000000
0.000000 0.056388 0.005773 -0.920263 0.000000
0.000000 0.056321 0.005960 -0.920264 0.000000
0.000000 0.056276 0.006083 -0.920266 0.000000
0.000000 0.056194 0.006303 -0.920265 0.000000
0.000000 0.056158 0.006396 -0.920266 0.000000
0.000000 0.056094 0.006563 -0.920267 0.000000
0.000000 0.056039 0.006705 -0.920269 0.000000
0.000000 0.055966 0.006889 -0.920270 0.000000
0.000000 0.055917 0.007011 -0.920272 0.000000
0.000000 0.055826 0.007230 -0.920271 0.000000
0.000000 0.055789 0.007321 -0.920272 0.000000
0.000000 0.055720 0.007483 -0.920274 0.000000
0.000000 0.055659 0.007626 -0.920276 0.000000
0.000000 0.055582 0.007802 -0.920277 0.000000
0.000000 0.055526 0.007927 -0.920279 0.000000
0.000000 0.055430 0.008141 -0.920279 0.000000
0.000000 0.055388 0.008232 -0.920280 0.000000
0.000000 0.055313 0.008395 -0.920282 0.000000
0.000000 0.055248 0.008532 -0.920284 0.000000
0.000000 0.055162 0.008712 -0.920286 0.000000
0.000000 0.055106 0.008828 -0.920288 0.000000
0.000000 0.055003 0.009037 -0.920289 0.000000
0.000000 0.054958 0.009127 -0.920290 0.000000
0.000000 0.054877 0.009289 -0.920293 0.000000
0.000000 0.054809 0.009422 -0.920295 0.000000
0.000000 0.054715 0.009603 -0.920298 0.000000
0.000000 0.054657 0.009713 -0.920300 0.000000
0.000000 0.054552 0.009910 -0.920301 0.000000
0.000000 0.054501 0.010005 -0.920303 0.000000
0.000000 0.054407 0.010175 -0.920306 0.000000
0.000000 0.054342 0.010293 -0.920308 0.000000
0.000000 0.054224 0.010503 -0.920309 0.000000
0.000000 0.054177 0.010585 -0.920310 0.000000
0.000000 0.054092 0.010733 -0.920313 0.000000
0.000000 0.054010 0.010873 -0.920316 0.000000
0.000000 0.053921 0.011025 -0.920318 0.000000
0.000000 0.053840 0.011159 -0.920321 0.000000
0.000000 0.053742 0.011322 -0.920323 0.000000
0.000000 0.053668 0.011442 -0.920325 0.000000
0.000000 0.053549 0.011634 -0.920326 0.000000
0.000000 0.053492 0.011724 -0.920327 0.000000
0.000000 0.053389 0.011887 -0.920329 0.000000
0.000000 0.053314 0.012002 -0.920331 0.000000
0.000000 0.053185 0.012199 -0.920331 0.000000
0.000000 0.053130 0.012282 -0.920332 0.000000
0.000000 0.053031 0.012432 -0.920334 0.000000
0.000000 0.052945 0.012558 -0.920335 0.000000
0.000000 0.052833 0.012722 -0.920336 0.000000
0.000000 0.052759 0.012829 -0.920337 0.000000
0.000000 0.052624 0.013021 -0.920336 0.000000
0.000000 0.052566 0.013103 -0.920337 0.000000
0.000000 0.052461 0.013249 -0.920338 0.000000
0.000000 0.052372 0.013372 -0.920339 0.000000
0.000000 0.052252 0.013534 -0.920340 0.000000
0.000000 0.052176 0.013637 -0.920341 0.000000
0.000000 0.052038 0.013820 -0.920340 0.000000
0.000000 0.051975 0.013903 -0.920340 0.000000
0.000000 0.051861 0.014051 -0.920341 0.000000
0.000000 0.051773 0.014164 -0.920342 0.000000
0.000000 0.051638 0.014336 -0.920341 0.000000
0.000000 0.051568 0.014424 -0.920342 0.000000
0.000000 0.051442 0.014581 -0.920342 0.000000
0.000000 0.051361 0.014680 -0.920343 0.000000
0.000000 0.051215 0.014858 -0.920341 0.000000
0.000000 0.051149 0.014937 -0.920342 0.000000
0.000000 0.051029 0.015079 -0.920342 0.000000
0.000000 0.050936 0.015189 -0.920343 0.000000
0.000000 0.050794 0.015354 -0.920343 0.000000
0.000000 0.050720 0.015439 -0.920344 0.000000
0.000000 0.050585 0.015593 -0.920344 0.000000
0.000000 0.050502 0.015686 -0.920345 0.000000
0.000000 0.050352 0.015853 -0.920344 0.000000
0.000000 0.050280 0.015933 -0.920345 0.000000
0.000000 0.050149 0.016075 -0.920346 0.000000
0.000000 0.050057 0.016175 -0.920347 0.000000
0.000000 0.049893 0.016348 -0.920345 0.000000
0.000000 0.049827 0.016419 -0.920346 0.000000
0.000000 0.049706 0.016544 -0.920347 0.000000
0.000000 0.049596 0.016658 -0.920349 0.000000
0.000000 0.049466 0.016791 -0.920350 0.000000
0.000000 0.049364 0.016894 -0.920352 0.000000
0.000000 0.049211 0.017046 -0.920353 0.000000
0.000000 0.049129 0.017127 -0.920355 0.000000
0.000000 0.048980 0.017272 -0.920356 0.000000
0.000000 0.048892 0.017357 -0.920358 0.000000
0.000000 0.048733 0.017510 -0.920360 0.000000
0.000000 0.048652 0.017586 -0.920362 0.000000
0.000000 0.048506 0.017723 -0.920364 0.000000
0.000000 0.048411 0.017811 -0.920367 0.000000
0.000000 0.048239 0.017968 -0.920369 0.000000
0.000000 0.048164 0.018036 -0.920371 0.000000
0.000000 0.048028 0.018158 -0.920374 0.000000
0.000000 0.047917 0.018257 -0.920378 0.000000
0.000000 0.047762 0.018393 -0.920381 0.000000
0.000000 0.047668 0.018474 -0.920384 0.000000
0.000000 0.047499 0.018619 -0.920388 0.000000
0.000000 0.047416 0.018690 -0.920391 0.000000
0.000000 0.047265 0.018817 -0.920396 0.000000
0.000000 0.047163 0.018902 -0.920400 0.000000
0.000000 0.046977 0.019054 -0.920403 0.000000
0.000000 0.046902 0.019115 -0.920406 0.000000
0.000000 0.046766 0.019225 -0.920411 0.000000
0.000000 0.046642 0.019324 -0.920416 0.000000
0.000000 0.046495 0.019439 -0.920422 0.000000
0.000000 0.046380 0.019529 -0.920426 0.000000
0.000000 0.046209 0.019661 -0.920432 0.000000
0.000000 0.046116 0.019731 -0.920436 0.000000
0.000000 0.045949 0.019857 -0.920442 0.000000
0.000000 0.045851 0.019930 -0.920447 0.000000
0.000000 0.045674 0.020060 -0.920453 0.000000
0.000000 0.045583 0.020127 -0.920457 0.000000
0.000000 0.045418 0.020246 -0.920463 0.000000
0.000000 0.045314 0.020320 -0.920468 0.000000
0.000000 0.045125 0.020452 -0.920474 0.000000
0.000000 0.045039 0.020512 -0.920478 0.000000
0.000000 0.044883 0.020619 -0.920485 0.000000
0.000000 0.044765 0.020700 -0.920490 0.000000
0.000000 0.044579 0.020825 -0.920497 0.000000
0.000000 0.044488 0.020885 -0.920501 0.000000
0.000000 0.044323 0.020994 -0.920508 0.000000
0.000000 0.044210 0.021067 -0.920513 0.000000
0.000000 0.044007 0.021197 -0.920519 0.000000
0.000000 0.043925 0.021249 -0.920523 0.000000
0.000000 0.043777 0.021342 -0.920530 0.000000
0.000000 0.043640 0.021427 -0.920536 0.000000
0.000000 0.043482 0.021524 -0.920543 0.000000
0.000000 0.043355 0.021601 -0.920549 0.000000
0.000000 0.043172 0.021710 -0.920556 0.000000
0.000000 0.043068 0.021771 -0.920560 0.000000
0.000000 0.042880 0.021880 -0.920567 0.000000
0.000000 0.042778 0.021939 -0.920572 0.000000
0.000000 0.042595 0.022043 -0.920579 0.000000
0.000000 0.042488 0.022103 -0.920583 0.000000
0.000000 0.042295 0.022210 -0.920590 0.000000
0.000000 0.042195 0.022265 -0.920595 0.000000
0.000000 0.042014 0.022362 -0.920601 0.000000
0.000000 0.041901 0.022423 -0.920606 0.000000
0.000000 0.041696 0.022530 -0.920612 0.000000
0.000000 0.041602 0.022579 -0.920616 0.000000
0.000000 0.041432 0.022667 -0.920623 0.000000
0.000000 0.041304 0.022731 -0.920628 0.000000
0.000000 0.041100 0.022833 -0.920634 0.000000
0.000000 0.041003 0.022881 -0.920638 0.000000
0.000000 0.040826 0.022967 -0.920644 0.000000
0.000000 0.040702 0.023027 -0.920649 0.000000
0.000000 0.040483 0.023130 -0.920653 0.000000
0.000000 0.040393 0.023172 -0.920657 0.000000
0.000000 0.040231 0.023247 -0.920662 0.000000
0.000000 0.040086 0.023312 -0.920667 0.000000
0.000000 0.039911 0.023391 -0.920672 0.000000
0.000000 0.039779 0.023449 -0.920677 0.000000
0.000000 0.039568 0.023541 -0.920681 0.000000
0.000000 0.039469 0.023583 -0.920684 0.000000
0.000000 0.039289 0.023659 -0.920689 0.000000
0.000000 0.039159 0.023713 -0.920692 0.000000
0.000000 0.038939 0.023803 -0.920696 0.000000
0.000000 0.038843 0.023842 -0.920698 0.000000
0.000000 0.038671 0.023910 -0.920702 0.000000
0.000000 0.038529 0.023966 -0.920706 0.000000
0.000000 0.038335 0.024041 -0.920709 0.000000
0.000000 0.038215 0.024086 -0.920712 0.000000
0.000000 0.038000 0.024166 -0.920714 0.000000
0.000000 0.037897 0.024204 -0.920716 0.000000
0.000000 0.037712 0.024270 -0.920719 0.000000
0.000000 0.037580 0.024317 -0.920722 0.000000
0.000000 0.037352 0.024396 -0.920722 0.000000
0.000000 0.037257 0.024429 -0.920724 0.000000
0.000000 0.037084 0.024487 -0.920726 0.000000
0.000000 0.036935 0.024537 -0.920728 0.000000
0.000000 0.036745 0.024599 -0.920730 0.000000
0.000000 0.036614 0.024640 -0.920732 0.000000
0.000000 0.036379 0.024714 -0.920731 0.000000
0.000000 0.036285 0.024742 -0.920732 0.000000
0.000000 0.036116 0.024793 -0.920733 0.000000
0.000000 0.035957 0.024840 -0.920735 0.000000
0.000000 0.035780 0.024892 -0.920736 0.000000
0.000000 0.035630 0.024935 -0.920737 0.000000
0.000000 0.035432 0.024989 -0.920737 0.000000
0.000000 0.035303 0.025025 -0.920738 0.000000
0.000000 0.035069 0.025087 -0.920736 0.000000
0.000000 0.034970 0.025113 -0.920736 0.000000
0.000000 0.034790 0.025159 -0.920737 0.000000
0.000000 0.034639 0.025196 -0.920737 0.000000
0.000000 0.034439 0.025245 -0.920736 0.000000
0.000000 0.034309 0.025276 -0.920737 0.000000
0.000000 0.034074 0.025330 -0.920734 0.000000
0.000000 0.033973 0.025353 -0.920734 0.000000
0.000000 0.033791 0.025394 -0.920733 0.000000
0.000000 0.033640 0.025426 -0.920733 0.000000
0.000000 0.033434 0.025469 -0.920732 0.000000
0.000000 0.033308 0.025495 -0.920731 0.000000
0.000000 0.033079 0.025540 -0.920728 0.000000
0.000000 0.032972 0.025561 -0.920728 0.000000
0.000000 0.032778 0.025598 -0.920727 0.000000
0.000000 0.032638 0.025623 -0.920726 0.000000
0.000000 0.032402 0.025665 -0.920722 0.000000
0.000000 0.032299 0.025682 -0.920722 0.000000
0.000000 0.032113 0.025713 -0.920720 0.000000
0.000000 0.031963 0.025737 -0.920719 0.000000
0.000000 0.031751 0.025770 -0.920717 0.000000
0.000000 0.031627 0.025788 -0.920716 0.000000
0.000000 0.031404 0.025820 -0.920712 0.000000
0.000000 0.031290 0.025836 -0.920711 0.000000
0.000000 0.031085 0.025863 -0.920709 0.000000
0.000000 0.030954 0.025879 -0.920708 0.000000
0.000000 0.030718 0.025908 -0.920703 0.000000
0.000000 0.030613 0.025920 -0.920702 0.000000
0.000000 0.030424 0.025941 -0.920700 0.000000
0.000000 0.030275 0.025957 -0.920698 0.000000
0.000000 0.030057 0.025979 -0.920695 0.000000
0.000000 0.029937 0.025990 -0.920693 0.000000
0.000000 0.029722 0.026009 -0.920690 0.000000
0.000000 0.029600 0.026019 -0.920688 0.000000
0.000000 0.029380 0.026036 -0.920684 0.000000
0.000000 0.029261 0.026045 -0.920683 0.000000
0.000000 0.029048 0.026059 -0.920679 0.000000
0.000000 0.028923 0.026067 -0.920678 0.000000
0.000000 0.028699 0.026080 -0.920673 0.000000
0.000000 0.028584 0.026085 -0.920672 0.000000
0.000000 0.028377 0.026095 -0.920668 0.000000
0.000000 0.028246 0.026100 -0.920666 0.000000
0.000000 0.028011 0.026108 -0.920661 0.000000
0.000000 0.027905 0.026111 -0.920659 0.000000
0.000000 0.027713 0.026116 -0.920656 0.000000
0.000000 0.027566 0.026119 -0.920654 0.000000
0.000000 0.027341 0.026122 -0.920650 0.000000
0.000000 0.027227 0.026123 -0.920648 0.000000
0.000000 0.027020 0.026123 -0.920645 0.000000
0.000000 0.026889 0.026123 -0.920643 0.000000
0.000000 0.026652 0.026120 -0.920637 0.000000
0.000000 0.026547 0.026119 -0.920636 0.000000
0.000000 0.026357 0.026115 -0.920632 0.000000
0.000000 0.026208 0.026112 -0.920630 0.000000
0.000000 0.025988 0.026105 -0.920626 0.000000
0.000000 0.025870 0.026101 -0.920624 0.000000
0.000000 0.025657 0.026092 -0.920620 0.000000
0.000000 0.025533 0.026086 -0.920618 0.000000
0.000000 0.025309 0.026075 -0.920613 0.000000
0.000000 0.025194 0.026068 -0.920612 0.000000
0.000000 0.024988 0.026055 -0.920608 0.000000
0.000000 0.024858 0.026046 -0.920606 0.000000
0.000000 0.024624 0.026029 -0.920600 0.000000
0.000000 0.024518 0.026020 -0.920598 0.000000
0.000000 0.024327 0.026004 -0.920595 0.000000
0.000000 0.024181 0.025991 -0.920593 0.000000
0.000000 0.023957 0.025970 -0.920587 0.000000
0.000000 0.023843 0.025958 -0.920586 0.000000
0.000000 0.023640 0.025936 -0.920581 0.000000
0.000000 0.023509 0.025922 -0.920579 0.000000
0.000000 0.023273 0.025894 -0.920572 0.000000
0.000000 0.023169 0.025881 -0.920571 0.000000
0.000000 0.022983 0.025857 -0.920567 0.000000
0.000000 0.022834 0.025837 -0.920564 0.000000
0.000000 0.022622 0.025807 -0.920559 0.000000
0.000000 0.022500 0.025789 -0.920557 0.000000
0.000000 0.022280 0.025756 -0.920551 0.000000
0.000000 0.022166 0.025738 -0.920549 0.000000
0.000000 0.021959 0.025704 -0.920544 0.000000
0.000000 0.021833 0.025683 -0.920541 0.000000
0.000000 0.021607 0.025643 -0.920535 0.000000
0.000000 0.021499 0.025624 -0.920532 0.000000
0.000000 0.021305 0.025588 -0.920528 0.000000
0.000000 0.021168 0.025562 -0.920525 0.000000
0.000000 0.020931 0.025515 -0.920517 0.000000
0.000000 0.020832 0.025495 -0.920515 0.000000
0.000000 0.020654 0.025458 -0.920511 0.000000
0.000000 0.020500 0.025425 -0.920507 0.000000
0.000000 0.020306 0.025382 -0.920502 0.000000
0.000000 0.020171 0.025352 -0.920499 0.000000
0.000000 0.019930 0.025296 -0.920490 0.000000
0.000000 0.019836 0.025273 -0.920488 0.000000
0.000000 0.019666 0.025232 -0.920484 0.000000
0.000000 0.019504 0.025192 -0.920480 0.000000
0.000000 0.019329 0.025147 -0.920476 0.000000
0.000000 0.019174 0.025106 -0.920473 0.000000
0.000000 0.018984 0.025056 -0.920468 0.000000
0.000000 0.018846 0.025018 -0.920465 0.000000
0.000000 0.018619 0.024955 -0.920457 0.000000
0.000000 0.018517 0.024925 -0.920455 0.000000
0.000000 0.018332 0.024871 -0.920450 0.000000
0.000000 0.018191 0.024830 -0.920447 0.000000
0.000000 0.017975 0.024764 -0.920441 0.000000
0.000000 0.017866 0.024730 -0.920439 0.000000
0.000000 0.017671 0.024668 -0.920434 0.000000
0.000000 0.017544 0.024627 -0.920431 0.000000
0.000000 0.017316 0.024552 -0.920424 0.000000
0.000000 0.017218 0.024520 -0.920422 0.000000
0.000000 0.017043 0.024460 -0.920418 0.000000
0.000000 0.016897 0.024410 -0.920415 0.000000
0.000000 0.016702 0.024341 -0.920411 0.000000
0.000000 0.016579 0.024296 -0.920409 0.000000
0.000000 0.016357 0.024215 -0.920403 0.000000
0.000000 0.016258 0.024178 -0.920401 0.000000
0.000000 0.016079 0.024111 -0.920398 0.000000
0.000000 0.015941 0.024058 -0.920396 0.000000
0.000000 0.015734 0.023977 -0.920392 0.000000
0.000000 0.015626 0.023934 -0.920391 0.000000
0.000000 0.015432 0.023856 -0.920387 0.000000
0.000000 0.015313 0.023807 -0.920386 0.000000
0.000000 0.015099 0.023718 -0.920382 0.000000
0.000000 0.014999 0.023675 -0.920381 0.000000
0.000000 0.014818 0.023598 -0.920379 0.000000
0.000000 0.014689 0.023541 -0.920378 0.000000
0.000000 0.014471 0.023445 -0.920374 0.000000
0.000000 0.014376 0.023402 -0.920374 0.000000
0.000000 0.014206 0.023325 -0.920373 0.000000
0.000000 0.014068 0.023261 -0.920372 0.000000
0.000000 0.013876 0.023171 -0.920371 0.000000
0.000000 0.013763 0.023117 -0.920371 0.000000
0.000000 0.013559 0.023019 -0.920369 0.000000
0.000000 0.013457 0.022969 -0.920369 0.000000
0.000000 0.013275 0.022879 -0.920369 0.000000
0.000000 0.013155 0.022819 -0.920370 0.000000
0.000000 0.012940 0.022709 -0.920368 0.000000
0.000000 0.012850 0.022662 -0.920368 0.000000
0.000000 0.012688 0.022578 -0.920369 0.000000
0.000000 0.012549 0.022504 -0.920370 0.000000
0.000000 0.012372 0.022409 -0.920371 0.000000
0.000000 0.012252 0.022344 -0.920373 0.000000
0.000000 0.012035 0.022224 -0.920372 0.000000
0.000000 0.011950 0.022176 -0.920373 0.000000
0.000000 0.011796 0.022089 -0.920375 0.000000
0.000000 0.011652 0.022007 -0.920377 0.000000
0.000000 0.011492 0.021915 -0.920379 0.000000
0.000000 0.011357 0.021835 -0.920382 0.000000
0.000000 0.011182 0.021731 -0.920385 0.000000
0.000000 0.011065 0.021661 -0.920387 0.000000
0.000000 0.010856 0.021533 -0.920388 0.000000
0.000000 0.010770 0.021480 -0.920390 0.000000
0.000000 0.010616 0.021384 -0.920394 0.000000
0.000000 0.010480 0.021298 -0.920397 0.000000
0.000000 0.010315 0.021193 -0.920401 0.000000
0.000000 0.010193 0.021114 -0.920405 0.000000
0.000000 0.009997 0.020986 -0.920409 0.000000
0.000000 0.009906 0.020925 -0.920411 0.000000
0.000000 0.009743 0.020816 -0.920416 0.000000
0.000000 0.009624 0.020735 -0.920420 0.000000
0.000000 0.009428 0.020601 -0.920425 0.000000
0.000000 0.009340 0.020540 -0.920428 0.000000
0.000000 0.009184 0.020430 -0.920434 0.000000
0.000000 0.009062 0.020344 -0.920439 0.000000
0.000000 0.008882 0.020215 -0.920445 0.000000
0.000000 0.008785 0.020144 -0.920449 0.000000
0.000000 0.008612 0.020017 -0.920456 0.000000
0.000000 0.008511 0.019943 -0.920460 0.000000
0.000000 0.008331 0.019808 -0.920467 0.000000
0.000000 0.008239 0.019737 -0.920472 0.000000
0.000000 0.008073 0.019610 -0.920480 0.000000
0.000000 0.007970 0.019530 -0.920485 0.000000
0.000000 0.007785 0.019385 -0.920493 0.000000
0.000000 0.007700 0.019318 -0.920498 0.000000
0.000000 0.007547 0.019195 -0.920506 0.000000
0.000000 0.007435 0.019104 -0.920513 0.000000
0.000000 0.007254 0.018956 -0.920521 0.000000
0.000000 0.007170 0.018887 -0.920527 0.000000
0.000000 0.007020 0.018761 -0.920536 0.000000
0.000000 0.006910 0.018668 -0.920543 0.000000
0.000000 0.006732 0.018516 -0.920552 0.000000
0.000000 0.006649 0.018444 -0.920558 0.000000
0.000000 0.006501 0.018315 -0.920568 0.000000
0.000000 0.006394 0.018220 -0.920575 0.000000
0.000000 0.006217 0.018063 -0.920586 0.000000
0.000000 0.006138 0.017991 -0.920592 0.000000
0.000000 0.005996 0.017862 -0.920602 0.000000
0.000000 0.005887 0.017761 -0.920610 0.000000
0.000000 0.005722 0.017608 -0.920621 0.000000
0.000000 0.005637 0.017528 -0.920628 0.000000
0.000000 0.005485 0.017384 -0.920639 0.000000
0.000000 0.005392 0.017294 -0.920646 0.000000
0.000000 0.005224 0.017132 -0.920658 0.000000
0.000000 0.005146 0.017055 -0.920664 0.000000
0.000000 0.005006 0.016916 -0.920675 0.000000
0.000000 0.004905 0.016815 -0.920684 0.000000
0.000000 0.004737 0.016645 -0.920695 0.000000
0.000000 0.004664 0.016570 -0.920702 0.000000
0.000000 0.004533 0.016434 -0.920712 0.000000
0.000000 0.004427 0.016324 -0.920722 0.000000
0.000000 0.004280 0.016168 -0.920733 0.000000
0.000000 0.004194 0.016076 -0.920741 0.000000
0.000000 0.004040 0.015911 -0.920753 0.000000
0.000000 0.003962 0.015826 -0.920760 0.000000
0.000000 0.003822 0.015671 -0.920772 0.000000
0.000000 0.003734 0.015573 -0.920780 0.000000
0.000000 0.003577 0.015396 -0.920791 0.000000
0.000000 0.003506 0.015316 -0.920798 0.000000
0.000000 0.003380 0.015171 -0.920809 0.000000
0.000000 0.003283 0.015058 -0.920818 0.000000
0.000000 0.003138 0.014887 -0.920830 0.000000
0.000000 0.003063 0.014798 -0.920837 0.000000
0.000000 0.002928 0.014636 -0.920848 0.000000
0.000000 0.002846 0.014536 -0.920856 0.000000
0.000000 0.002699 0.014356 -0.920868 0.000000
0.000000 0.002630 0.014270 -0.920874 0.000000
0.000000 0.002506 0.014115 -0.920886 0.000000
0.000000 0.002418 0.014004 -0.920894 0.000000
0.000000 0.002269 0.013812 -0.920905 0.000000
0.000000 0.002206 0.013731 -0.920911 0.000000
0.000000 0.002094 0.013584 -0.920922 0.000000
0.000000 0.001999 0.013458 -0.920931 0.000000
0.000000 0.001878 0.013295 -0.920942 0.000000
0.000000 0.001796 0.013185 -0.920950 0.000000
0.000000 0.001650 0.012984 -0.920962 0.000000
0.000000 0.001592 0.012903 -0.920967 0.000000
0.000000 0.001488 0.012758 -0.920978 0.000000
0.000000 0.001392 0.012622 -0.920987 0.000000
0.000000 0.001284 0.012467 -0.920998 0.000000
0.000000 0.001197 0.012340 -0.921007 0.000000
0.000000 0.001077 0.012164 -0.921018 0.000000
0.000000 0.001005 0.012057 -0.921026 0.000000
0.000000 0.000877 0.011863 -0.921037 0.000000
0.000000 0.000815 0.011770 -0.921044 0.000000
0.000000 0.000705 0.011600 -0.921055 0.000000
0.000000 0.000630 0.011482 -0.921063 0.000000
0.000000 0.000495 0.011270 -0.921074 0.000000
0.000000 0.000443 0.011187 -0.921080 0.000000
0.000000 0.000350 0.011036 -0.921091 0.000000
0.000000 0.000261 0.010891 -0.921101 0.000000
0.000000 0.000167 0.010735 -0.921111 0.000000
0.000000 0.000083 0.010594 -0.921121 0.000000
0.000000 -0.000016 0.010426 -0.921133 0.000000
0.000000 -0.000091 0.010296 -0.921142 0.000000
0.000000 -0.000205 0.010098 -0.921154 0.000000
0.000000 -0.000262 0.009996 -0.921161 0.000000
0.000000 -0.000365 0.009812 -0.921174 0.000000
0.000000 -0.000429 0.009696 -0.921182 0.000000
0.000000 -0.000544 0.009485 -0.921195 0.000000
0.000000 -0.000595 0.009390 -0.921202 0.000000
0.000000 -0.000686 0.009218 -0.921214 0.000000
0.000000 -0.000755 0.009085 -0.921223 0.000000
0.000000 -0.000860 0.008883 -0.921237 0.000000
0.000000 -0.000913 0.008778 -0.921245 0.000000
0.000000 -0.001007 0.008590 -0.921258 0.000000
0.000000 -0.001066 0.008471 -0.921267 0.000000
0.000000 -0.001170 0.008257 -0.921281 0.000000
0.000000 -0.001218 0.008159 -0.921288 0.000000
0.000000 -0.001301 0.007982 -0.921301 0.000000
0.000000 -0.001364 0.007848 -0.921311 0.000000
0.000000 -0.001461 0.007638 -0.921326 0.000000
0.000000 -0.001508 0.007534 -0.921334 0.000000
0.000000 -0.001592 0.007346 -0.921347 0.000000
0.000000 -0.001647 0.007220 -0.921357 0.000000
0.000000 -0.001746 0.006993 -0.921372 0.000000
0.000000 -0.001786 0.006899 -0.921379 0.000000
0.000000 -0.001857 0.006731 -0.921392 0.000000
0.000000 -0.001920 0.006579 -0.921404 0.000000
0.000000 -0.001994 0.006398 -0.921418 0.000000
0.000000 -0.002049 0.006260 -0.921429 0.000000
0.000000 -0.002134 0.006044 -0.921444 0.000000
0.000000 -0.002175 0.005937 -0.921452 0.000000
0.000000 -0.002249 0.005745 -0.921467 0.000000
0.000000 -0.002297 0.005616 -0.921477 0.000000
0.000000 -0.002383 0.005383 -0.921492 0.000000
0.000000 -0.002418 0.005287 -0.921500 0.000000
0.000000 -0.002480 0.005113 -0.921513 0.000000
0.000000 -0.002534 0.004960 -0.921525 0.000000
0.000000 -0.002599 0.004771 -0.921539 0.000000
0.000000 -0.002645 0.004633 -0.921550 0.000000
0.000000 -0.002721 0.004404 -0.921565 0.000000
0.000000 -0.002754 0.004301 -0.921573 0.000000
0.000000 -0.002814 0.004116 -0.921587 0.000000
0.000000 -0.002859 0.003971 -0.921598 0.000000
0.000000 -0.002925 0.003756 -0.921613 0.000000
0.000000 -0.002960 0.003640 -0.921622 0.000000
0.000000 -0.003021 0.003432 -0.921637 0.000000
0.000000 -0.003057 0.003309 -0.921646 0.000000
0.000000 -0.003119 0.003087 -0.921661 0.000000
0.000000 -0.003150 0.002975 -0.921669 0.000000
0.000000 -0.003205 0.002773 -0.921683 0.000000
0.000000 -0.003240 0.002642 -0.921693 0.000000
0.000000 -0.003301 0.002405 -0.921707 0.000000
0.000000 -0.003327 0.002302 -0.921715 0.000000
0.000000 -0.003373 0.002118 -0.921727 0.000000
0.000000 -0.003409 0.001965 -0.921738 0.000000
0.000000 -0.003458 0.001757 -0.921752 0.000000
0.000000 -0.003488 0.001629 -0.921760 0.000000
0.000000 -0.003540 0.001396 -0.921774 0.000000
0.000000 -0.003564 0.001288 -0.921781 0.000000
0.000000 -0.003605 0.001092 -0.921794 0.000000
0.000000 -0.003635 0.000949 -0.921803 0.000000
0.000000 -0.003682 0.000713 -0.921816 0.000000
0.000000 -0.003703 0.000606 -0.921823 0.000000
0.000000 -0.003740 0.000412 -0.921834 0.000000
0.000000 -0.003767 0.000265 -0.921843 0.000000
0.000000 -0.003808 0.000035 -0.921855 0.000000
0.000000 -0.003827 -0.000078 -0.921862 0.000000
0.000000 -0.003861 -0.000282 -0.921873 0.000000
0.000000 -0.003883 -0.000420 -0.921881 0.000000
0.000000 -0.003922 -0.000668 -0.921891 0.000000
0.000000 -0.003937 -0.000769 -0.921896 0.000000
0.000000 -0.003963 -0.000951 -0.921906 0.000000
0.000000 -0.003986 -0.001115 -0.921914 0.000000
0.000000 -0.004012 -0.001311 -0.921923 0.000000
0.000000 -0.004031 -0.001461 -0.921931 0.000000
0.000000 -0.004059 -0.001691 -0.921940 0.000000
0.000000 -0.004073 -0.001808 -0.921945 0.000000
0.000000 -0.004096 -0.002018 -0.921954 0.000000
0.000000 -0.004111 -0.002153 -0.921959 0.000000
0.000000 -0.004135 -0.002397 -0.921967 0.000000
0.000000 -0.004145 -0.002504 -0.921971 0.000000
0.000000 -0.004162 -0.002697 -0.921978 0.000000
0.000000 -0.004175 -0.002852 -0.921984 0.000000
0.000000 -0.004192 -0.003073 -0.921991 0.000000
0.000000 -0.004202 -0.003200 -0.921995 0.000000
0.000000 -0.004217 -0.003428 -0.922001 0.000000
0.000000 -0.004224 -0.003548 -0.922005 0.000000
0.000000 -0.004237 -0.003764 -0.922011 0.000000
0.000000 -0.004243 -0.003896 -0.922014 0.000000
0.000000 -0.004254 -0.004133 -0.922019 0.000000
0.000000 -0.004259 -0.004247 -0.922022 0.000000
0.000000 -0.004266 -0.004451 -0.922026 0.000000
0.000000 -0.004270 -0.004595 -0.922030 0.000000
0.000000 -0.004276 -0.004847 -0.922032 0.000000
0.000000 -0.004278 -0.004950 -0.922034 0.000000
0.000000 -0.004280 -0.005135 -0.922038 0.000000
0.000000 -0.004282 -0.005302 -0.922041 0.000000
0.000000 -0.004282 -0.005500 -0.922043 0.000000
0.000000 -0.004282 -0.005653 -0.922046 0.000000
0.000000 -0.004280 -0.005884 -0.922047 0.000000
0.000000 -0.004278 -0.006004 -0.922049 0.000000
0.000000 -0.004274 -0.006219 -0.922050 0.000000
0.000000 -0.004271 -0.006353 -0.922052 0.000000
0.000000 -0.004264 -0.006596 -0.922052 0.000000
0.000000 -0.004260 -0.006706 -0.922052 0.000000
0.000000 -0.004251 -0.006906 -0.922053 0.000000
0.000000 -0.004245 -0.007056 -0.922054 0.000000
0.000000 -0.004232 -0.007292 -0.922053 0.000000
0.000000 -0.004226 -0.007408 -0.922053 0.000000
0.000000 -0.004213 -0.007615 -0.922053 0.000000
0.000000 -0.004203 -0.007757 -0.922053 0.000000
0.000000 -0.004185 -0.008011 -0.922049 0.000000
0.000000 -0.004177 -0.008113 -0.922049 0.000000
0.000000 -0.004161 -0.008296 -0.922048 0.000000
0.000000 -0.004146 -0.008465 -0.922047 0.000000
0.000000 -0.004128 -0.008658 -0.922046 0.000000
0.000000 -0.004112 -0.008817 -0.922045 0.000000
0.000000 -0.004089 -0.009033 -0.922042 0.000000
0.000000 -0.004074 -0.009166 -0.922041 0.000000
0.000000 -0.004047 -0.009404 -0.922036 0.000000
0.000000 -0.004033 -0.009517 -0.922035 0.000000
0.000000 -0.004007 -0.009721 -0.922032 0.000000
0.000000 -0.003988 -0.009865 -0.922031 0.000000
0.000000 -0.003953 -0.010116 -0.922024 0.000000
0.000000 -0.003938 -0.010219 -0.922023 0.000000
0.000000 -0.003910 -0.010405 -0.922020 0.000000
0.000000 -0.003885 -0.010569 -0.922017 0.000000
0.000000 -0.003852 -0.010770 -0.922013 0.000000
0.000000 -0.003828 -0.010917 -0.922011 0.000000
0.000000 -0.003786 -0.011159 -0.922004 0.000000
0.000000 -0.003767 -0.011267 -0.922002 0.000000
0.000000 -0.003731 -0.011463 -0.921998 0.000000
0.000000 -0.003703 -0.011614 -0.921995 0.000000
0.000000 -0.003659 -0.011841 -0.921989 0.000000
0.000000 -0.003635 -0.011960 -0.921986 0.000000
0.000000 -0.003591 -0.012174 -0.921981 0.000000
0.000000 -0.003564 -0.012304 -0.921978 0.000000
0.000000 -0.003513 -0.012538 -0.921971 0.000000
0.000000 -0.003488 -0.012650 -0.921968 0.000000
0.000000 -0.003442 -0.012852 -0.921963 0.000000
0.000000 -0.003409 -0.012992 -0.921960 0.000000
0.000000 -0.003349 -0.013242 -0.921950 0.000000
0.000000 -0.003325 -0.013341 -0.921948 0.000000
0.000000 -0.003280 -0.013519 -0.921943 0.000000
0.000000 -0.003238 -0.013686 -0.921938 0.000000
0.000000 -0.003189 -0.013873 -0.921933 0.000000
0.000000 -0.003147 -0.014028 -0.921929 0.000000
0.000000 -0.003090 -0.014237 -0.921923 0.000000
0.000000 -0.003053 -0.014368 -0.921919 0.000000
0.000000 -0.002985 -0.014604 -0.921910 0.000000
0.000000 -0.002954 -0.014711 -0.921907 0.000000
0.000000 -0.002897 -0.014903 -0.921901 0.000000
0.000000 -0.002852 -0.015049 -0.921897 0.000000
0.000000 -0.002783 -0.015274 -0.921889 0.000000
0.000000 -0.002747 -0.015387 -0.921886 0.000000
0.000000 -0.002681 -0.015590 -0.921879 0.000000
0.000000 -0.002638 -0.015722 -0.921875 0.000000
0.000000 -0.002559 -0.015958 -0.921866 0.000000
0.000000 -0.002525 -0.016060 -0.921863 0.000000
0.000000 -0.002461 -0.016244 -0.921857 0.000000
0.000000 -0.002408 -0.016395 -0.921853 0.000000
0.000000 -0.002334 -0.016602 -0.921846 0.000000
0.000000 -0.002289 -0.016726 -0.921843 0.000000
0.000000 -0.002206 -0.016949 -0.921834 0.000000
0.000000 -0.002165 -0.017058 -0.921831 0.000000
0.000000 -0.002089 -0.017254 -0.921825 0.000000
0.000000 -0.002038 -0.017387 -0.921822 0.000000
0.000000 -0.001944 -0.017624 -0.921812 0.000000
0.000000 -0.001905 -0.017720 -0.921809 0.000000
0.000000 -0.001835 -0.017893 -0.921805 0.000000
0.000000 -0.001770 -0.018049 -0.921800 0.000000
0.000000 -0.001693 -0.018232 -0.921795 0.000000
0.000000 -0.001632 -0.018375 -0.921792 0.000000
0.000000 -0.001540 -0.018587 -0.921785 0.000000
0.000000 -0.001490 -0.018700 -0.921782 0.000000
0.000000 -0.001399 -0.018902 -0.921776 0.000000
0.000000 -0.001345 -0.019021 -0.921773 0.000000
0.000000 -0.001246 -0.019235 -0.921767 0.000000
0.000000 -0.001196 -0.019343 -0.921764 0.000000
0.000000 -0.001104 -0.019537 -0.921759 0.000000
0.000000 -0.001044 -0.019662 -0.921757 0.000000
0.000000 -0.000935 -0.019885 -0.921749 0.000000
0.000000 -0.000887 -0.019983 -0.921747 0.000000
0.000000 -0.000799 -0.020157 -0.921743 0.000000
0.000000 -0.000727 -0.020299 -0.921741 0.000000
0.000000 -0.000626 -0.020496 -0.921736 0.000000
0.000000 -0.000565 -0.020613 -0.921734 0.000000
0.000000 -0.000455 -0.020821 -0.921728 0.000000
0.000000 -0.000399 -0.020926 -0.921726 0.000000
0.000000 -0.000297 -0.021114 -0.921722 0.000000
0.000000 -0.000230 -0.021235 -0.921720 0.000000
0.000000 -0.000108 -0.021454 -0.921713 0.000000
0.000000 -0.000055 -0.021548 -0.921712 0.000000
0.000000 0.000041 -0.021716 -0.921709 0.000000
0.000000 0.000122 -0.021855 -0.921707 0.000000
0.000000 0.000232 -0.022043 -0.921703 0.000000
0.000000 0.000301 -0.022160 -0.921701 0.000000
0.000000 0.000426 -0.022369 -0.921695 0.000000
0.000000 0.000485 -0.022465 -0.921694 0.000000
0.000000 0.000591 -0.022638 -0.921691 0.000000
0.000000 0.000671 -0.022765 -0.921689 0.000000
0.000000 0.000800 -0.022970 -0.921683 0.000000
0.000000 0.000862 -0.023066 -0.921682 0.000000
0.000000 0.000973 -0.023238 -0.921678 0.000000
0.000000 0.001054 -0.023362 -0.921676 0.000000
0.000000 0.001191 -0.023569 -0.921670 0.000000
0.000000 0.001252 -0.023660 -0.921669 0.000000
0.000000 0.001362 -0.023823 -0.921666 0.000000
0.000000 0.001451 -0.023953 -0.921664 0.000000
0.000000 0.001580 -0.024138 -0.921659 0.000000
0.000000 0.001653 -0.024243 -0.921658 0.000000
0.000000 0.001787 -0.024431 -0.921653 0.000000
0.000000 0.001859 -0.024531 -0.921651 0.000000
0.000000 0.001989 -0.024711 -0.921646 0.000000
0.000000 0.002067 -0.024817 -0.921644 0.000000
0.000000 0.002207 -0.025006 -0.921639 0.000000
0.000000 0.002279 -0.025101 -0.921637 0.000000
0.000000 0.002409 -0.025272 -0.921633 0.000000
0.000000 0.002493 -0.025381 -0.921630 0.000000
0.000000 0.002645 -0.025578 -0.921623 0.000000
0.000000 0.002713 -0.025663 -0.921621 0.000000
0.000000 0.002835 -0.025817 -0.921617 0.000000
0.000000 0.002934 -0.025940 -0.921614 0.000000
0.000000 0.003075 -0.026114 -0.921609 0.000000
0.000000 0.003157 -0.026214 -0.921606 0.000000
0.000000 0.003307 -0.026394 -0.921600 0.000000
0.000000 0.003384 -0.026486 -0.921597 0.000000
0.000000 0.003525 -0.026652 -0.921592 0.000000
0.000000 0.003613 -0.026754 -0.921589 0.000000
0.000000 0.003773 -0.026938 -0.921581 0.000000
0.000000 0.003847 -0.027023 -0.921578 0.000000
0.000000 0.003982 -0.027175 -0.921573 0.000000
0.000000 0.004083 -0.027287 -0.921569 0.000000
0.000000 0.004245 -0.027466 -0.921561 0.000000
0.000000 0.004322 -0.027550 -0.921558 0.000000
0.000000 0.004462 -0.027700 -0.921553 0.000000
0.000000 0.004563 -0.027808 -0.921549 0.000000
0.000000 0.004734 -0.027988 -0.921540 0.000000
0.000000 0.004809 -0.028067 -0.921537 0.000000
0.000000 0.004947 -0.028208 -0.921531 0.000000
0.000000 0.005056 -0.028321 -0.921527 0.000000
0.000000 0.005216 -0.028481 -0.921519 0.000000
0.000000 0.005306 -0.028571 -0.921515 0.000000
0.000000 0.005468 -0.028731 -0.921507 0.000000
0.000000 0.005558 -0.028819 -0.921504 0.000000
0.000000 0.005720 -0.028975 -0.921496 0.000000
0.000000 0.005812 -0.029063 -0.921492 0.000000
0.000000 0.005979 -0.029221 -0.921483 0.000000
0.000000 0.006070 -0.029306 -0.921480 0.000000
0.000000 0.006233 -0.029457 -0.921471 0.000000
0.000000 0.006329 -0.029545 -0.921467 0.000000
0.000000 0.006502 -0.029701 -0.921458 0.000000
0.000000 0.006592 -0.029781 -0.921454 0.000000
0.000000 0.006755 -0.029925 -0.921446 0.000000
0.000000 0.006857 -0.030014 -0.921442 0.000000
0.000000 0.007041 -0.030174 -0.921431 0.000000
0.000000 0.007127 -0.030246 -0.921427 0.000000
0.000000 0.007281 -0.030377 -0.921420 0.000000
0.000000 0.007397 -0.030474 -0.921414 0.000000
0.000000 0.007582 -0.030626 -0.921404 0.000000
0.000000 0.007671 -0.030699 -0.921400 0.000000
0.000000 0.007832 -0.030830 -0.921392 0.000000
0.000000 0.007946 -0.030920 -0.921386 0.000000
0.000000 0.008147 -0.031079 -0.921374 0.000000
0.000000 0.008228 -0.031142 -0.921370 0.000000
0.000000 0.008375 -0.031256 -0.921363 0.000000
0.000000 0.008511 -0.031359 -0.921356 0.000000
0.000000 0.008668 -0.031478 -0.921349 0.000000
0.000000 0.008795 -0.031572 -0.921343 0.000000
0.000000 0.008977 -0.031706 -0.921333 0.000000
0.000000 0.009080 -0.031781 -0.921328 0.000000
0.000000 0.009267 -0.031916 -0.921318 0.000000
0.000000 0.009368 -0.031987 -0.921313 0.000000
0.000000 0.009551 -0.032116 -0.921303 0.000000
0.000000 0.009658 -0.032190 -0.921298 0.000000
0.000000 0.009851 -0.032322 -0.921287 0.000000
0.000000 0.009951 -0.032390 -0.921283 0.000000
0.000000 0.010131 -0.032511 -0.921273 0.000000
0.000000 0.010245 -0.032586 -0.921268 0.000000
0.000000 0.010450 -0.032720 -0.921256 0.000000
