0.000000 0.968814 0.120407 -0.000110 0.000000
0.000000 0.968814 0.120407 -0.000112 0.000000
0.000000 0.968814 0.120407 -0.000114 0.000000
0.000000 0.968814 0.120407 -0.000118 0.000000
0.000000 0.968814 0.120407 -0.000125 0.000000
0.000000 0.968813 0.120408 -0.000139 0.000000
0.000000 0.968813 0.120409 -0.000163 0.000000
0.000000 0.968813 0.120410 -0.000206 0.000000
0.000000 0.968811 0.120414 -0.000284 0.000000
0.000000 0.968809 0.120422 -0.000424 0.000000
0.000000 0.968803 0.120443 -0.000675 0.000000
0.000000 0.968787 0.120499 -0.001128 0.000000
0.000000 0.968741 0.120659 -0.001941 0.000000
0.000000 0.968604 0.121142 -0.003401 0.000000
0.000000 0.968381 0.121930 -0.004949 0.000000
0.000000 0.968141 0.122780 -0.006207 0.000000
0.000000 0.967860 0.123766 -0.007403 0.000000
0.000000 0.967520 0.124957 -0.008631 0.000000
0.000000 0.967131 0.126309 -0.009840 0.000000
0.000000 0.966684 0.127853 -0.011058 0.000000
0.000000 0.966184 0.129567 -0.012266 0.000000
0.000000 0.965628 0.131455 -0.013470 0.000000
0.000000 0.965015 0.133516 -0.014669 0.000000
0.000000 0.964342 0.135754 -0.015864 0.000000
0.000000 0.963611 0.138158 -0.017051 0.000000
0.000000 0.962821 0.140725 -0.018230 0.000000
0.000000 0.961967 0.143462 -0.019403 0.000000
0.000000 0.961048 0.146367 -0.020570 0.000000
0.000000 0.960066 0.149430 -0.021729 0.000000
0.000000 0.959019 0.152648 -0.022878 0.000000
0.000000 0.957902 0.156029 -0.024021 0.000000
0.000000 0.956713 0.159570 -0.025156 0.000000
0.000000 0.955454 0.163257 -0.026281 0.000000
0.000000 0.954123 0.167092 -0.027396 0.000000
0.000000 0.952715 0.171081 -0.028504 0.000000
0.000000 0.951227 0.175220 -0.029603 0.000000
0.000000 0.949664 0.179493 -0.030689 0.000000
0.000000 0.948021 0.183903 -0.031765 0.000000
0.000000 0.946292 0.188460 -0.032833 0.000000
0.000000 0.944477 0.193153 -0.033890 0.000000
0.000000 0.942580 0.197967 -0.034934 0.000000
0.000000 0.940595 0.202908 -0.035967 0.000000
0.000000 0.938515 0.207985 -0.036990 0.000000
0.000000 0.936344 0.213183 -0.038001 0.000000
0.000000 0.934085 0.218488 -0.038997 0.000000
0.000000 0.931729 0.223911 -0.039982 0.000000
0.000000 0.929272 0.229456 -0.040955 0.000000
0.000000 0.926718 0.235105 -0.041915 0.000000
0.000000 0.924070 0.240848 -0.042860 0.000000
0.000000 0.921318 0.246697 -0.043793 0.000000
0.000000 0.918459 0.252653 -0.044713 0.000000
0.000000 0.915499 0.258698 -0.045619 0.000000
0.000000 0.912439 0.264821 -0.046509 0.000000
0.000000 0.909270 0.271038 -0.047387 0.000000
0.000000 0.905988 0.277348 -0.048251 0.000000
0.000000 0.902603 0.283727 -0.049100 0.000000
0.000000 0.899113 0.290172 -0.049934 0.000000
0.000000 0.895508 0.296698 -0.050755 0.000000
0.000000 0.891788 0.303301 -0.051562 0.000000
0.000000 0.887962 0.309955 -0.052354 0.000000
0.000000 0.884029 0.316662 -0.053131 0.000000
0.000000 0.879976 0.323438 -0.053895 0.000000
0.000000 0.875806 0.330272 -0.054647 0.000000
0.000000 0.871531 0.337142 -0.055382 0.000000
0.000000 0.867144 0.344052 -0.056104 0.000000
0.000000 0.862635 0.351018 -0.056814 0.000000
0.000000 0.858008 0.358025 -0.057512 0.000000
0.000000 0.853276 0.365052 -0.058195 0.000000
0.000000 0.848431 0.372108 -0.058865 0.000000
0.000000 0.843460 0.379207 -0.059525 0.000000
0.000000 0.838373 0.386330 -0.060173 0.000000
0.000000 0.833182 0.393460 -0.060808 0.000000
0.000000 0.827874 0.400608 -0.061433 0.000000
0.000000 0.822439 0.407786 -0.062048 0.000000
0.000000 0.816891 0.414971 -0.062653 0.000000
0.000000 0.811237 0.422151 -0.063248 0.000000
0.000000 0.805465 0.429340 -0.063834 0.000000
0.000000 0.799565 0.436545 -0.064413 0.000000
0.000000 0.793554 0.443743 -0.064984 0.000000
0.000000 0.787437 0.450924 -0.065546 0.000000
0.000000 0.781199 0.458105 -0.066103 0.000000
0.000000 0.774833 0.465290 -0.066654 0.000000
0.000000 0.768358 0.472453 -0.067200 0.000000
0.000000 0.761776 0.479589 -0.067741 0.000000
0.000000 0.755069 0.486718 -0.068278 0.000000
0.000000 0.748234 0.493836 -0.068813 0.000000
0.000000 0.741292 0.500920 -0.069345 0.000000
0.000000 0.734242 0.507968 -0.069874 0.000000
0.000000 0.727061 0.515000 -0.070404 0.000000
0.000000 0.719754 0.522008 -0.070934 0.000000
0.000000 0.712339 0.528970 -0.071464 0.000000
0.000000 0.704812 0.535888 -0.071995 0.000000
0.000000 0.697151 0.542781 -0.072529 0.000000
0.000000 0.689362 0.549636 -0.073067 0.000000
0.000000 0.681465 0.556434 -0.073608 0.000000
0.000000 0.673450 0.563180 -0.074153 0.000000
0.000000 0.665296 0.569890 -0.074706 0.000000
0.000000 0.657013 0.576550 -0.075265 0.000000
0.000000 0.648620 0.583140 -0.075831 0.000000
0.000000 0.640101 0.589671 -0.076405 0.000000
0.000000 0.631436 0.596154 -0.076990 0.000000
0.000000 0.622642 0.602571 -0.077585 0.000000
0.000000 0.613733 0.608908 -0.078190 0.000000
0.000000 0.604690 0.615176 -0.078807 0.000000
0.000000 0.595493 0.621382 -0.079439 0.000000
0.000000 0.586165 0.627508 -0.080085 0.000000
0.000000 0.576716 0.633540 -0.080745 0.000000
0.000000 0.567121 0.639492 -0.081421 0.000000
0.000000 0.557367 0.645366 -0.082115 0.000000
0.000000 0.547477 0.651142 -0.082827 0.000000
0.000000 0.537459 0.656811 -0.083556 0.000000
0.000000 0.527283 0.662385 -0.084306 0.000000
0.000000 0.516941 0.667862 -0.085078 0.000000
0.000000 0.506459 0.673222 -0.085871 0.000000
0.000000 0.495840 0.678458 -0.086685 0.000000
0.000000 0.485051 0.683582 -0.087523 0.000000
0.000000 0.474089 0.688586 -0.088386 0.000000
0.000000 0.462984 0.693451 -0.089273 0.000000
0.000000 0.451731 0.698174 -0.090185 0.000000
0.000000 0.440297 0.702760 -0.091124 0.000000
0.000000 0.428685 0.707202 -0.092091 0.000000
0.000000 0.416927 0.711480 -0.093084 0.000000
0.000000 0.405011 0.715592 -0.094104 0.000000
0.000000 0.392905 0.719541 -0.095153 0.000000
0.000000 0.380619 0.723315 -0.096232 0.000000
0.000000 0.368185 0.726899 -0.097337 0.000000
0.000000 0.355586 0.730289 -0.098470 0.000000
0.000000 0.342791 0.733485 -0.099633 0.000000
0.000000 0.329819 0.736474 -0.100825 0.000000
0.000000 0.316700 0.739242 -0.102042 0.000000
0.000000 0.303413 0.741786 -0.103286 0.000000
0.000000 0.289930 0.744102 -0.104559 0.000000
0.000000 0.276278 0.746178 -0.105858 0.000000
0.000000 0.262485 0.748001 -0.107178 0.000000
0.000000 0.248525 0.749569 -0.108523 0.000000
0.000000 0.234378 0.750874 -0.109892 0.000000
0.000000 0.220077 0.751906 -0.111281 0.000000
0.000000 0.205646 0.752657 -0.112687 0.000000
0.000000 0.191057 0.753121 -0.114110 0.000000
0.000000 0.176296 0.753290 -0.115552 0.000000
0.000000 0.161403 0.753157 -0.117006 0.000000
0.000000 0.146397 0.752718 -0.118470 0.000000
0.000000 0.131249 0.751964 -0.119944 0.000000
0.000000 0.115951 0.750889 -0.121428 0.000000
0.000000 0.100550 0.749491 -0.122915 0.000000
0.000000 0.085058 0.747767 -0.124403 0.000000
0.000000 0.069443 0.745707 -0.125894 0.000000
0.000000 0.053709 0.743308 -0.127385 0.000000
0.000000 0.037902 0.740573 -0.128870 0.000000
0.000000 0.022029 0.737499 -0.130348 0.000000
0.000000 0.006056 0.734077 -0.131820 0.000000
0.000000 -0.010001 0.730306 -0.133283 0.000000
0.000000 -0.026098 0.726194 -0.134733 0.000000
0.000000 -0.042239 0.721739 -0.136167 0.000000
0.000000 -0.058450 0.716930 -0.137589 0.000000
0.000000 -0.074712 0.711771 -0.138994 0.000000
0.000000 -0.090983 0.706274 -0.140378 0.000000
0.000000 -0.107272 0.700434 -0.141742 0.000000
0.000000 -0.123604 0.694242 -0.143086 0.000000
0.000000 -0.139951 0.687706 -0.144408 0.000000
0.000000 -0.156278 0.680839 -0.145704 0.000000
0.000000 -0.172599 0.673634 -0.146975 0.000000
0.000000 -0.188933 0.666082 -0.148222 0.000000
0.000000 -0.205247 0.658197 -0.149442 0.000000
0.000000 -0.221512 0.649991 -0.150632 0.000000
0.000000 -0.237747 0.641453 -0.151794 0.000000
0.000000 -0.253962 0.632577 -0.152929 0.000000
0.000000 -0.270120 0.623381 -0.154033 0.000000
0.000000 -0.286200 0.613875 -0.155105 0.000000
0.000000 -0.302223 0.604046 -0.156147 0.000000
0.000000 -0.318188 0.593889 -0.157157 0.000000
0.000000 -0.334058 0.583428 -0.158134 0.000000
0.000000 -0.349817 0.572668 -0.159077 0.000000
0.000000 -0.365487 0.561595 -0.159986 0.000000
0.000000 -0.381055 0.550210 -0.160861 0.000000
0.000000 -0.396485 0.538538 -0.161699 0.000000
0.000000 -0.411771 0.526581 -0.162499 0.000000
0.000000 -0.426927 0.514324 -0.163262 0.000000
0.000000 -0.441935 0.501778 -0.163986 0.000000
0.000000 -0.456761 0.488967 -0.164669 0.000000
0.000000 -0.471408 0.475888 -0.165310 0.000000
0.000000 -0.485882 0.462530 -0.165909 0.000000
0.000000 -0.500161 0.448912 -0.166463 0.000000
0.000000 -0.514221 0.435056 -0.166970 0.000000
0.000000 -0.528068 0.420954 -0.167430 0.000000
0.000000 -0.541705 0.406604 -0.167841 0.000000
0.000000 -0.555108 0.392029 -0.168201 0.000000
0.000000 -0.568263 0.377245 -0.168508 0.000000
0.000000 -0.581181 0.362244 -0.168762 0.000000
0.000000 -0.593857 0.347030 -0.168961 0.000000
0.000000 -0.606274 0.331631 -0.169104 0.000000
0.000000 -0.618427 0.316051 -0.169188 0.000000
0.000000 -0.630326 0.300285 -0.169213 0.000000
0.000000 -0.641962 0.284346 -0.169178 0.000000
0.000000 -0.653324 0.268255 -0.169081 0.000000
0.000000 -0.664416 0.252011 -0.168921 0.000000
0.000000 -0.675241 0.235612 -0.168697 0.000000
0.000000 -0.685789 0.219078 -0.168408 0.000000
0.000000 -0.696056 0.202422 -0.168053 0.000000
0.000000 -0.706045 0.185639 -0.167630 0.000000
0.000000 -0.715754 0.168736 -0.167138 0.000000
0.000000 -0.725173 0.151733 -0.166577 0.000000
0.000000 -0.734301 0.134634 -0.165944 0.000000
0.000000 -0.743140 0.117439 -0.165239 0.000000
0.000000 -0.751679 0.100166 -0.164461 0.000000
0.000000 -0.759915 0.082828 -0.163607 0.000000
0.000000 -0.767844 0.065427 -0.162678 0.000000
0.000000 -0.775462 0.047974 -0.161670 0.000000
0.000000 -0.782760 0.030489 -0.160585 0.000000
0.000000 -0.789734 0.012978 -0.159419 0.000000
0.000000 -0.796380 -0.004547 -0.158172 0.000000
0.000000 -0.802689 -0.022068 -0.156844 0.000000
0.000000 -0.808655 -0.039570 -0.155432 0.000000
0.000000 -0.814275 -0.057043 -0.153935 0.000000
0.000000 -0.819541 -0.074466 -0.152354 0.000000
0.000000 -0.824446 -0.091823 -0.150687 0.000000
0.000000 -0.828987 -0.109099 -0.148933 0.000000
0.000000 -0.833158 -0.126274 -0.147091 0.000000
0.000000 -0.836953 -0.143330 -0.145162 0.000000
0.000000 -0.840367 -0.160248 -0.143144 0.000000
0.000000 -0.843397 -0.177010 -0.141036 0.000000
0.000000 -0.846038 -0.193593 -0.138839 0.000000
0.000000 -0.848286 -0.209980 -0.136551 0.000000
0.000000 -0.850139 -0.226147 -0.134173 0.000000
0.000000 -0.851593 -0.242075 -0.131704 0.000000
0.000000 -0.852646 -0.257740 -0.129144 0.000000
0.000000 -0.853298 -0.273120 -0.126492 0.000000
0.000000 -0.853548 -0.288192 -0.123749 0.000000
0.000000 -0.853396 -0.302933 -0.120914 0.000000
0.000000 -0.852844 -0.317317 -0.117989 0.000000
0.000000 -0.851895 -0.331320 -0.114974 0.000000
0.000000 -0.850554 -0.344917 -0.111871 0.000000
0.000000 -0.848826 -0.358084 -0.108681 0.000000
0.000000 -0.846720 -0.370794 -0.105405 0.000000
0.000000 -0.844244 -0.383023 -0.102048 0.000000
0.000000 -0.841412 -0.394746 -0.098612 0.000000
0.000000 -0.838236 -0.405936 -0.095102 0.000000
0.000000 -0.834732 -0.416572 -0.091521 0.000000
0.000000 -0.830919 -0.426628 -0.087877 0.000000
0.000000 -0.826816 -0.436083 -0.084174 0.000000
0.000000 -0.822444 -0.444916 -0.080419 0.000000
0.000000 -0.817828 -0.453106 -0.076621 0.000000
0.000000 -0.812993 -0.460638 -0.072787 0.000000
0.000000 -0.807963 -0.467495 -0.068924 0.000000
0.000000 -0.802767 -0.473664 -0.065042 0.000000
0.000000 -0.797432 -0.479135 -0.061149 0.000000
0.000000 -0.791985 -0.483901 -0.057254 0.000000
0.000000 -0.786454 -0.487957 -0.053364 0.000000
0.000000 -0.780865 -0.491300 -0.049487 0.000000
0.000000 -0.775244 -0.493931 -0.045632 0.000000
0.000000 -0.769616 -0.495853 -0.041806 0.000000
0.000000 -0.764004 -0.497072 -0.038014 0.000000
0.000000 -0.758431 -0.497595 -0.034264 0.000000
0.000000 -0.752916 -0.497432 -0.030561 0.000000
0.000000 -0.747478 -0.496596 -0.026910 0.000000
0.000000 -0.742135 -0.495099 -0.023316 0.000000
0.000000 -0.736902 -0.492958 -0.019783 0.000000
0.000000 -0.731791 -0.490189 -0.016313 0.000000
0.000000 -0.726816 -0.486809 -0.012910 0.000000
0.000000 -0.721985 -0.482838 -0.009575 0.000000
0.000000 -0.717307 -0.478295 -0.006310 0.000000
0.000000 -0.712789 -0.473199 -0.003116 0.000000
0.000000 -0.708437 -0.467569 0.000008 0.000000
0.000000 -0.704255 -0.461427 0.003062 0.000000
0.000000 -0.700247 -0.454791 0.006044 0.000000
0.000000 -0.696417 -0.447683 0.008956 0.000000
0.000000 -0.692768 -0.440127 0.011795 0.000000
0.000000 -0.689302 -0.432147 0.014562 0.000000
0.000000 -0.686022 -0.423772 0.017255 0.000000
0.000000 -0.682928 -0.415030 0.019871 0.000000
0.000000 -0.680020 -0.405949 0.022412 0.000000
0.000000 -0.677296 -0.396555 0.024875 0.000000
0.000000 -0.674751 -0.386872 0.027261 0.000000
0.000000 -0.672382 -0.376923 0.029571 0.000000
0.000000 -0.670184 -0.366730 0.031803 0.000000
0.000000 -0.668153 -0.356317 0.033959 0.000000
0.000000 -0.666285 -0.345708 0.036036 0.000000
0.000000 -0.664576 -0.334933 0.038034 0.000000
0.000000 -0.663024 -0.324023 0.039950 0.000000
0.000000 -0.661624 -0.313010 0.041784 0.000000
0.000000 -0.660374 -0.301926 0.043533 0.000000
0.000000 -0.659270 -0.290801 0.045197 0.000000
0.000000 -0.658309 -0.279661 0.046777 0.000000
0.000000 -0.657487 -0.268529 0.048274 0.000000
0.000000 -0.656801 -0.257426 0.049689 0.000000
0.000000 -0.656249 -0.246374 0.051024 0.000000
0.000000 -0.655828 -0.235396 0.052280 0.000000
0.000000 -0.655537 -0.224520 0.053459 0.000000
0.000000 -0.655375 -0.213781 0.054562 0.000000
0.000000 -0.655339 -0.203217 0.055590 0.000000
0.000000 -0.655426 -0.192864 0.056546 0.000000
0.000000 -0.655635 -0.182751 0.057431 0.000000
0.000000 -0.655962 -0.172901 0.058250 0.000000
0.000000 -0.656407 -0.163325 0.059007 0.000000
0.000000 -0.656968 -0.154028 0.059707 0.000000
0.000000 -0.657647 -0.145010 0.060354 0.000000
0.000000 -0.658446 -0.136273 0.060954 0.000000
0.000000 -0.659369 -0.127818 0.061510 0.000000
0.000000 -0.660420 -0.119650 0.062027 0.000000
0.000000 -0.661607 -0.111775 0.062508 0.000000
0.000000 -0.662937 -0.104201 0.062957 0.000000
0.000000 -0.664419 -0.096933 0.063379 0.000000
0.000000 -0.666066 -0.089975 0.063777 0.000000
0.000000 -0.667893 -0.083328 0.064155 0.000000
0.000000 -0.669914 -0.076992 0.064516 0.000000
0.000000 -0.672148 -0.070964 0.064863 0.000000
0.000000 -0.674614 -0.065238 0.065200 0.000000
0.000000 -0.677331 -0.059807 0.065529 0.000000
0.000000 -0.680319 -0.054663 0.065852 0.000000
0.000000 -0.683595 -0.049794 0.066170 0.000000
0.000000 -0.687176 -0.045190 0.066485 0.000000
0.000000 -0.691075 -0.040836 0.066797 0.000000
0.000000 -0.695305 -0.036718 0.067107 0.000000
0.000000 -0.699872 -0.032818 0.067416 0.000000
0.000000 -0.704780 -0.029119 0.067723 0.000000
0.000000 -0.710031 -0.025601 0.068029 0.000000
0.000000 -0.715623 -0.022245 0.068335 0.000000
0.000000 -0.721548 -0.019029 0.068641 0.000000
0.000000 -0.727798 -0.015934 0.068947 0.000000
0.000000 -0.734360 -0.012936 0.069254 0.000000
0.000000 -0.741216 -0.010015 0.069564 0.000000
0.000000 -0.748345 -0.007149 0.069875 0.000000
0.000000 -0.755723 -0.004315 0.070191 0.000000
0.000000 -0.763325 -0.001489 0.070510 0.000000
0.000000 -0.771123 0.001355 0.070835 0.000000
0.000000 -0.779092 0.004243 0.071165 0.000000
0.000000 -0.787206 0.007203 0.071501 0.000000
0.000000 -0.795438 0.010264 0.071843 0.000000
0.000000 -0.803762 0.013458 0.072193 0.000000
0.000000 -0.812152 0.016813 0.072549 0.000000
0.000000 -0.820577 0.020360 0.072910 0.000000
0.000000 -0.829006 0.024128 0.073276 0.000000
0.000000 -0.837404 0.028143 0.073644 0.000000
0.000000 -0.845735 0.032430 0.074012 0.000000
0.000000 -0.853961 0.037013 0.074378 0.000000
0.000000 -0.862041 0.041909 0.074737 0.000000
0.000000 -0.869933 0.047134 0.075085 0.000000
0.000000 -0.877593 0.052700 0.075418 0.000000
0.000000 -0.884976 0.058612 0.075729 0.000000
0.000000 -0.892034 0.064871 0.076014 0.000000
0.000000 -0.898719 0.071470 0.076267 0.000000
0.000000 -0.904983 0.078396 0.076482 0.000000
0.000000 -0.910780 0.085633 0.076653 0.000000
0.000000 -0.916065 0.093157 0.076775 0.000000
0.000000 -0.920798 0.100940 0.076842 0.000000
0.000000 -0.924942 0.108950 0.076852 0.000000
0.000000 -0.928463 0.117152 0.076800 0.000000
0.000000 -0.931334 0.125507 0.076684 0.000000
0.000000 -0.933529 0.133972 0.076501 0.000000
0.000000 -0.935031 0.142504 0.076252 0.000000
0.000000 -0.935828 0.151057 0.075934 0.000000
0.000000 -0.935912 0.159585 0.075550 0.000000
0.000000 -0.935286 0.168045 0.075100 0.000000
0.000000 -0.933954 0.176395 0.074585 0.000000
0.000000 -0.931928 0.184597 0.074007 0.000000
0.000000 -0.929224 0.192616 0.073368 0.000000
0.000000 -0.925862 0.200417 0.072670 0.000000
0.000000 -0.921868 0.207968 0.071917 0.000000
0.000000 -0.917272 0.215242 0.071109 0.000000
0.000000 -0.912108 0.222211 0.070251 0.000000
0.000000 -0.906417 0.228854 0.069346 0.000000
0.000000 -0.900241 0.235152 0.068397 0.000000
0.000000 -0.893626 0.241090 0.067408 0.000000
0.000000 -0.886623 0.246660 0.066383 0.000000
0.000000 -0.879281 0.251855 0.065325 0.000000
0.000000 -0.871651 0.256677 0.064238 0.000000
0.000000 -0.863781 0.261130 0.063125 0.000000
0.000000 -0.855719 0.265225 0.061990 0.000000
0.000000 -0.847508 0.268974 0.060834 0.000000
0.000000 -0.839191 0.272392 0.059660 0.000000
0.000000 -0.830806 0.275497 0.058470 0.000000
0.000000 -0.822395 0.278306 0.057266 0.000000
0.000000 -0.813993 0.280840 0.056049 0.000000
0.000000 -0.805639 0.283117 0.054822 0.000000
0.000000 -0.797368 0.285159 0.053586 0.000000
0.000000 -0.789212 0.286988 0.052342 0.000000
0.000000 -0.781203 0.288624 0.051094 0.000000
0.000000 -0.773369 0.290091 0.049841 0.000000
0.000000 -0.765738 0.291410 0.048586 0.000000
0.000000 -0.758333 0.292602 0.047329 0.000000
0.000000 -0.751177 0.293690 0.046072 0.000000
0.000000 -0.744289 0.294693 0.044815 0.000000
0.000000 -0.737688 0.295631 0.043559 0.000000
0.000000 -0.731391 0.296524 0.042303 0.000000
0.000000 -0.725411 0.297390 0.041049 0.000000
0.000000 -0.719761 0.298245 0.039796 0.000000
0.000000 -0.714450 0.299108 0.038544 0.000000
0.000000 -0.709488 0.299992 0.037291 0.000000
0.000000 -0.704880 0.300914 0.036037 0.000000
0.000000 -0.700630 0.301886 0.034781 0.000000
0.000000 -0.696743 0.302922 0.033522 0.000000
0.000000 -0.693217 0.304033 0.032258 0.000000
0.000000 -0.690053 0.305232 0.030989 0.000000
0.000000 -0.687247 0.306528 0.029712 0.000000
0.000000 -0.684797 0.307931 0.028427 0.000000
0.000000 -0.682695 0.309451 0.027132 0.000000
0.000000 -0.680937 0.311094 0.025826 0.000000
0.000000 -0.679514 0.312868 0.024508 0.000000
0.000000 -0.678419 0.314780 0.023176 0.000000
0.000000 -0.677645 0.316835 0.021829 0.000000
0.000000 -0.677181 0.319036 0.020466 0.000000
0.000000 -0.677021 0.321388 0.019087 0.000000
0.000000 -0.677155 0.323891 0.017689 0.000000
0.000000 -0.677576 0.326545 0.016275 0.000000
0.000000 -0.678276 0.329348 0.014842 0.000000
0.000000 -0.679248 0.332295 0.013391 0.000000
0.000000 -0.680484 0.335381 0.011923 0.000000
0.000000 -0.681978 0.338597 0.010437 0.000000
0.000000 -0.683725 0.341934 0.008934 0.000000
0.000000 -0.685719 0.345382 0.007413 0.000000
0.000000 -0.687956 0.348928 0.005873 0.000000
0.000000 -0.690435 0.352559 0.004314 0.000000
0.000000 -0.693152 0.356261 0.002734 0.000000
0.000000 -0.696106 0.360016 0.001134 0.000000
0.000000 -0.699297 0.363808 -0.000490 0.000000
0.000000 -0.702721 0.367614 -0.002136 0.000000
0.000000 -0.706375 0.371411 -0.003805 0.000000
0.000000 -0.710253 0.375171 -0.005498 0.000000
0.000000 -0.714347 0.378867 -0.007213 0.000000
0.000000 -0.718647 0.382467 -0.008948 0.000000
0.000000 -0.723142 0.385939 -0.010705 0.000000
0.000000 -0.727819 0.389253 -0.012480 0.000000
0.000000 -0.732664 0.392378 -0.014273 0.000000
0.000000 -0.737665 0.395284 -0.016085 0.000000
0.000000 -0.742808 0.397943 -0.017915 0.000000
0.000000 -0.748080 0.400327 -0.019762 0.000000
0.000000 -0.753470 0.402411 -0.021626 0.000000
0.000000 -0.758965 0.404169 -0.023508 0.000000
0.000000 -0.764553 0.405577 -0.025407 0.000000
0.000000 -0.770221 0.406612 -0.027323 0.000000
0.000000 -0.775957 0.407255 -0.029253 0.000000
0.000000 -0.781745 0.407487 -0.031197 0.000000
0.000000 -0.787571 0.407291 -0.033153 0.000000
0.000000 -0.793422 0.406655 -0.035117 0.000000
0.000000 -0.799285 0.405570 -0.037088 0.000000
0.000000 -0.805145 0.404026 -0.039063 0.000000
0.000000 -0.810993 0.402019 -0.041040 0.000000
0.000000 -0.816816 0.399544 -0.043017 0.000000
0.000000 -0.822602 0.396600 -0.044990 0.000000
0.000000 -0.828340 0.393187 -0.046956 0.000000
0.000000 -0.834013 0.389308 -0.048911 0.000000
0.000000 -0.839606 0.384969 -0.050849 0.000000
0.000000 -0.845102 0.380180 -0.052765 0.000000
0.000000 -0.850483 0.374953 -0.054655 0.000000
0.000000 -0.855733 0.369302 -0.056511 0.000000
0.000000 -0.860838 0.363241 -0.058331 0.000000
0.000000 -0.865787 0.356781 -0.060110 0.000000
0.000000 -0.870569 0.349935 -0.061846 0.000000
0.000000 -0.875175 0.342713 -0.063536 0.000000
0.000000 -0.879598 0.335123 -0.065178 0.000000
0.000000 -0.883828 0.327179 -0.066768 0.000000
0.000000 -0.887856 0.318894 -0.068305 0.000000
0.000000 -0.891672 0.310283 -0.069786 0.000000
0.000000 -0.895267 0.301366 -0.071207 0.000000
0.000000 -0.898633 0.292160 -0.072567 0.000000
0.000000 -0.901763 0.282688 -0.073863 0.000000
0.000000 -0.904651 0.272966 -0.075093 0.000000
0.000000 -0.907291 0.263015 -0.076256 0.000000
0.000000 -0.909681 0.252852 -0.077352 0.000000
0.000000 -0.911818 0.242492 -0.078378 0.000000
0.000000 -0.913701 0.231952 -0.079333 0.000000
0.000000 -0.915329 0.221244 -0.080218 0.000000
0.000000 -0.916701 0.210383 -0.081029 0.000000
0.000000 -0.917820 0.199384 -0.081766 0.000000
0.000000 -0.918688 0.188258 -0.082427 0.000000
0.000000 -0.919307 0.177021 -0.083009 0.000000
0.000000 -0.919681 0.165685 -0.083511 0.000000
0.000000 -0.919816 0.154265 -0.083931 0.000000
0.000000 -0.919716 0.142779 -0.084265 0.000000
0.000000 -0.919388 0.131246 -0.084511 0.000000
0.000000 -0.918841 0.119690 -0.084667 0.000000
0.000000 -0.918083 0.108137 -0.084732 0.000000
0.000000 -0.917126 0.096617 -0.084704 0.000000
0.000000 -0.915981 0.085156 -0.084581 0.000000
0.000000 -0.914662 0.073781 -0.084365 0.000000
0.000000 -0.913181 0.062510 -0.084055 0.000000
0.000000 -0.911552 0.051362 -0.083652 0.000000
0.000000 -0.909790 0.040349 -0.083156 0.000000
0.000000 -0.907907 0.029479 -0.082570 0.000000
0.000000 -0.905917 0.018759 -0.081893 0.000000
0.000000 -0.903833 0.008194 -0.081128 0.000000
0.000000 -0.901671 -0.002212 -0.080274 0.000000
0.000000 -0.899442 -0.012456 -0.079335 0.000000
0.000000 -0.897161 -0.022532 -0.078311 0.000000
0.000000 -0.894842 -0.032438 -0.077204 0.000000
0.000000 -0.892497 -0.042170 -0.076017 0.000000
0.000000 -0.890138 -0.051724 -0.074752 0.000000
0.000000 -0.887777 -0.061099 -0.073411 0.000000
0.000000 -0.885423 -0.070297 -0.071997 0.000000
0.000000 -0.883086 -0.079318 -0.070511 0.000000
0.000000 -0.880772 -0.088166 -0.068957 0.000000
0.000000 -0.878489 -0.096846 -0.067335 0.000000
0.000000 -0.876243 -0.105364 -0.065647 0.000000
0.000000 -0.874040 -0.113725 -0.063893 0.000000
0.000000 -0.871887 -0.121933 -0.062076 0.000000
0.000000 -0.869791 -0.129988 -0.060196 0.000000
0.000000 -0.867760 -0.137888 -0.058255 0.000000
0.000000 -0.865805 -0.145628 -0.056256 0.000000
0.000000 -0.863934 -0.153199 -0.054202 0.000000
0.000000 -0.862159 -0.160593 -0.052097 0.000000
0.000000 -0.860491 -0.167802 -0.049944 0.000000
0.000000 -0.858938 -0.174821 -0.047745 0.000000
0.000000 -0.857512 -0.181648 -0.045502 0.000000
0.000000 -0.856221 -0.188283 -0.043215 0.000000
0.000000 -0.855077 -0.194724 -0.040884 0.000000
0.000000 -0.854091 -0.200969 -0.038509 0.000000
0.000000 -0.853274 -0.207015 -0.036090 0.000000
0.000000 -0.852640 -0.212853 -0.033627 0.000000
0.000000 -0.852201 -0.218475 -0.031122 0.000000
0.000000 -0.851968 -0.223869 -0.028575 0.000000
0.000000 -0.851950 -0.229023 -0.025990 0.000000
0.000000 -0.852158 -0.233922 -0.023367 0.000000
0.000000 -0.852598 -0.238551 -0.020710 0.000000
0.000000 -0.853273 -0.242896 -0.018020 0.000000
0.000000 -0.854188 -0.246943 -0.015299 0.000000
0.000000 -0.855342 -0.250679 -0.012547 0.000000
0.000000 -0.856737 -0.254090 -0.009765 0.000000
0.000000 -0.858371 -0.257161 -0.006952 0.000000
0.000000 -0.860242 -0.259874 -0.004109 0.000000
0.000000 -0.862347 -0.262212 -0.001237 0.000000
0.000000 -0.864679 -0.264154 0.001663 0.000000
0.000000 -0.867230 -0.265679 0.004588 0.000000
0.000000 -0.869992 -0.266767 0.007535 0.000000
0.000000 -0.872950 -0.267395 0.010499 0.000000
0.000000 -0.876090 -0.267544 0.013476 0.000000
0.000000 -0.879392 -0.267194 0.016459 0.000000
0.000000 -0.882834 -0.266329 0.019440 0.000000
0.000000 -0.886393 -0.264936 0.022412 0.000000
0.000000 -0.890046 -0.263003 0.025368 0.000000
0.000000 -0.893770 -0.260522 0.028304 0.000000
0.000000 -0.897542 -0.257483 0.031213 0.000000
0.000000 -0.901340 -0.253878 0.034093 0.000000
0.000000 -0.905141 -0.249701 0.036937 0.000000
0.000000 -0.908920 -0.244946 0.039742 0.000000
0.000000 -0.912651 -0.239616 0.042498 0.000000
0.000000 -0.916306 -0.233715 0.045200 0.000000
0.000000 -0.919853 -0.227259 0.047837 0.000000
0.000000 -0.923262 -0.220266 0.050401 0.000000
0.000000 -0.926505 -0.212763 0.052885 0.000000
0.000000 -0.929558 -0.204775 0.055282 0.000000
0.000000 -0.932397 -0.196327 0.057590 0.000000
0.000000 -0.935005 -0.187441 0.059807 0.000000
0.000000 -0.937368 -0.178138 0.061931 0.000000
0.000000 -0.939470 -0.168439 0.063961 0.000000
0.000000 -0.941300 -0.158368 0.065897 0.000000
0.000000 -0.942849 -0.147955 0.067736 0.000000
0.000000 -0.944110 -0.137233 0.069478 0.000000
0.000000 -0.945080 -0.126236 0.071119 0.000000
0.000000 -0.945760 -0.114995 0.072661 0.000000
0.000000 -0.946153 -0.103535 0.074102 0.000000
0.000000 -0.946269 -0.091877 0.075444 0.000000
0.000000 -0.946114 -0.080033 0.076688 0.000000
0.000000 -0.945701 -0.068015 0.077835 0.000000
0.000000 -0.945038 -0.055829 0.078886 0.000000
0.000000 -0.944138 -0.043485 0.079841 0.000000
0.000000 -0.943013 -0.030995 0.080701 0.000000
0.000000 -0.941675 -0.018378 0.081463 0.000000
0.000000 -0.940136 -0.005660 0.082127 0.000000
0.000000 -0.938412 0.007127 0.082692 0.000000
0.000000 -0.936516 0.019946 0.083156 0.000000
0.000000 -0.934461 0.032764 0.083519 0.000000
0.000000 -0.932258 0.045555 0.083783 0.000000
0.000000 -0.929916 0.058307 0.083948 0.000000
0.000000 -0.927441 0.071015 0.084016 0.000000
0.000000 -0.924836 0.083686 0.083989 0.000000
0.000000 -0.922102 0.096330 0.083866 0.000000
0.000000 -0.919241 0.108958 0.083648 0.000000
0.000000 -0.916253 0.121578 0.083335 0.000000
0.000000 -0.913144 0.134188 0.082927 0.000000
0.000000 -0.909919 0.146777 0.082422 0.000000
0.000000 -0.906589 0.159322 0.081822 0.000000
0.000000 -0.903168 0.171796 0.081128 0.000000
0.000000 -0.899670 0.184172 0.080339 0.000000
0.000000 -0.896108 0.196432 0.079459 0.000000
0.000000 -0.892494 0.208563 0.078486 0.000000
0.000000 -0.888839 0.220562 0.077421 0.000000
0.000000 -0.885153 0.232426 0.076263 0.000000
0.000000 -0.881448 0.244149 0.075011 0.000000
0.000000 -0.877738 0.255723 0.073664 0.000000
0.000000 -0.874040 0.267130 0.072223 0.000000
0.000000 -0.870372 0.278353 0.070687 0.000000
0.000000 -0.866754 0.289370 0.069059 0.000000
0.000000 -0.863202 0.300163 0.067339 0.000000
0.000000 -0.859735 0.310718 0.065529 0.000000
0.000000 -0.856366 0.321029 0.063629 0.000000
0.000000 -0.853109 0.331090 0.061638 0.000000
0.000000 -0.849976 0.340898 0.059556 0.000000
0.000000 -0.846981 0.350447 0.057383 0.000000
0.000000 -0.844139 0.359723 0.055119 0.000000
0.000000 -0.841465 0.368707 0.052767 0.000000
0.000000 -0.838977 0.377374 0.050332 0.000000
0.000000 -0.836688 0.385697 0.047822 0.000000
0.000000 -0.834611 0.393655 0.045241 0.000000
0.000000 -0.832755 0.401237 0.042594 0.000000
0.000000 -0.831126 0.408434 0.039884 0.000000
0.000000 -0.829728 0.415244 0.037112 0.000000
0.000000 -0.828567 0.421663 0.034276 0.000000
0.000000 -0.827649 0.427686 0.031376 0.000000
0.000000 -0.826982 0.433304 0.028413 0.000000
0.000000 -0.826574 0.438503 0.025388 0.000000
0.000000 -0.826433 0.443265 0.022307 0.000000
0.000000 -0.826564 0.447571 0.019176 0.000000
0.000000 -0.826971 0.451400 0.016003 0.000000
0.000000 -0.827654 0.454737 0.012797 0.000000
0.000000 -0.828610 0.457568 0.009568 0.000000
0.000000 -0.829836 0.459884 0.006322 0.000000
0.000000 -0.831323 0.461677 0.003066 0.000000
0.000000 -0.833065 0.462943 -0.000195 0.000000
0.000000 -0.835054 0.463674 -0.003457 0.000000
0.000000 -0.837281 0.463863 -0.006718 0.000000
0.000000 -0.839738 0.463503 -0.009973 0.000000
0.000000 -0.842414 0.462582 -0.013219 0.000000
0.000000 -0.845296 0.461092 -0.016450 0.000000
0.000000 -0.848370 0.459021 -0.019661 0.000000
0.000000 -0.851618 0.456365 -0.022843 0.000000
0.000000 -0.855016 0.453117 -0.025989 0.000000
0.000000 -0.858542 0.449277 -0.029090 0.000000
0.000000 -0.862169 0.444848 -0.032138 0.000000
0.000000 -0.865872 0.439833 -0.035126 0.000000
0.000000 -0.869625 0.434236 -0.038051 0.000000
0.000000 -0.873404 0.428057 -0.040908 0.000000
0.000000 -0.877185 0.421301 -0.043695 0.000000
0.000000 -0.880946 0.413970 -0.046408 0.000000
0.000000 -0.884660 0.406071 -0.049043 0.000000
0.000000 -0.888302 0.397615 -0.051594 0.000000
0.000000 -0.891848 0.388619 -0.054055 0.000000
0.000000 -0.895272 0.379101 -0.056419 0.000000
0.000000 -0.898554 0.369083 -0.058683 0.000000
0.000000 -0.901674 0.358583 -0.060839 0.000000
0.000000 -0.904615 0.347622 -0.062884 0.000000
0.000000 -0.907362 0.336219 -0.064812 0.000000
0.000000 -0.909902 0.324401 -0.066618 0.000000
0.000000 -0.912224 0.312198 -0.068297 0.000000
0.000000 -0.914317 0.299643 -0.069842 0.000000
0.000000 -0.916174 0.286775 -0.071249 0.000000
0.000000 -0.917792 0.273629 -0.072512 0.000000
0.000000 -0.919170 0.260239 -0.073628 0.000000
0.000000 -0.920308 0.246638 -0.074594 0.000000
0.000000 -0.921210 0.232853 -0.075408 0.000000
0.000000 -0.921881 0.218914 -0.076067 0.000000
0.000000 -0.922325 0.204847 -0.076570 0.000000
0.000000 -0.922550 0.190685 -0.076914 0.000000
0.000000 -0.922560 0.176463 -0.077100 0.000000
0.000000 -0.922365 0.162220 -0.077126 0.000000
0.000000 -0.921973 0.147999 -0.076992 0.000000
0.000000 -0.921393 0.133843 -0.076702 0.000000
0.000000 -0.920637 0.119795 -0.076255 0.000000
0.000000 -0.919717 0.105887 -0.075657 0.000000
0.000000 -0.918646 0.092147 -0.074909 0.000000
0.000000 -0.917439 0.078591 -0.074013 0.000000
0.000000 -0.916109 0.065234 -0.072973 0.000000
0.000000 -0.914673 0.052087 -0.071790 0.000000
0.000000 -0.913147 0.039167 -0.070465 0.000000
0.000000 -0.911552 0.026495 -0.069000 0.000000
0.000000 -0.909909 0.014100 -0.067399 0.000000
0.000000 -0.908242 0.002020 -0.065667 0.000000
0.000000 -0.906576 -0.009709 -0.063808 0.000000
0.000000 -0.904934 -0.021050 -0.061832 0.000000
0.000000 -0.903339 -0.031975 -0.059744 0.000000
0.000000 -0.901813 -0.042464 -0.057552 0.000000
0.000000 -0.900375 -0.052502 -0.055262 0.000000
0.000000 -0.899041 -0.062081 -0.052878 0.000000
0.000000 -0.897827 -0.071195 -0.050406 0.000000
0.000000 -0.896749 -0.079844 -0.047850 0.000000
0.000000 -0.895820 -0.088028 -0.045212 0.000000
0.000000 -0.895054 -0.095746 -0.042494 0.000000
0.000000 -0.894466 -0.102996 -0.039701 0.000000
0.000000 -0.894069 -0.109771 -0.036837 0.000000
0.000000 -0.893876 -0.116061 -0.033907 0.000000
0.000000 -0.893898 -0.121854 -0.030921 0.000000
0.000000 -0.894145 -0.127136 -0.027888 0.000000
0.000000 -0.894624 -0.131896 -0.024818 0.000000
0.000000 -0.895337 -0.136126 -0.021721 0.000000
0.000000 -0.896283 -0.139817 -0.018612 0.000000
0.000000 -0.897457 -0.142962 -0.015505 0.000000
0.000000 -0.898846 -0.145557 -0.012422 0.000000
0.000000 -0.900431 -0.147607 -0.009383 0.000000
0.000000 -0.902190 -0.149129 -0.006407 0.000000
0.000000 -0.904104 -0.150149 -0.003498 0.000000
0.000000 -0.906162 -0.150696 -0.000649 0.000000
0.000000 -0.908359 -0.150792 0.002152 0.000000
0.000000 -0.910690 -0.150450 0.004912 0.000000
0.000000 -0.913145 -0.149676 0.007634 0.000000
0.000000 -0.915715 -0.148477 0.010319 0.000000
0.000000 -0.918390 -0.146853 0.012970 0.000000
0.000000 -0.921160 -0.144803 0.015589 0.000000
0.000000 -0.924008 -0.142329 0.018171 0.000000
0.000000 -0.926916 -0.139434 0.020712 0.000000
0.000000 -0.929868 -0.136117 0.023211 0.000000
0.000000 -0.932850 -0.132373 0.025669 0.000000
0.000000 -0.935842 -0.128208 0.028079 0.000000
0.000000 -0.938821 -0.123627 0.030436 0.000000
0.000000 -0.941772 -0.118632 0.032738 0.000000
0.000000 -0.944678 -0.113219 0.034984 0.000000
0.000000 -0.947518 -0.107401 0.037167 0.000000
0.000000 -0.950272 -0.101191 0.039281 0.000000
0.000000 -0.952925 -0.094590 0.041324 0.000000
0.000000 -0.955463 -0.087605 0.043293 0.000000
0.000000 -0.957866 -0.080256 0.045182 0.000000
0.000000 -0.960118 -0.072566 0.046984 0.000000
0.000000 -0.962207 -0.064544 0.048697 0.000000
0.000000 -0.964122 -0.056205 0.050318 0.000000
0.000000 -0.965848 -0.047582 0.051841 0.000000
0.000000 -0.967376 -0.038702 0.053261 0.000000
0.000000 -0.968699 -0.029575 0.054579 0.000000
0.000000 -0.969811 -0.020219 0.055791 0.000000
0.000000 -0.970706 -0.010667 0.056895 0.000000
0.000000 -0.971381 -0.000945 0.057888 0.000000
0.000000 -0.971833 0.008940 0.058771 0.000000
0.000000 -0.972064 0.018968 0.059543 0.000000
0.000000 -0.972073 0.029098 0.060202 0.000000
0.000000 -0.971864 0.039308 0.060747 0.000000
0.000000 -0.971442 0.049588 0.061179 0.000000
0.000000 -0.970811 0.059912 0.061499 0.000000
0.000000 -0.969981 0.070243 0.061706 0.000000
0.000000 -0.968961 0.080564 0.061803 0.000000
0.000000 -0.967759 0.090869 0.061790 0.000000
0.000000 -0.966385 0.101137 0.061670 0.000000
0.000000 -0.964854 0.111336 0.061445 0.000000
0.000000 -0.963176 0.121457 0.061117 0.000000
0.000000 -0.961361 0.131499 0.060689 0.000000
0.000000 -0.959423 0.141440 0.060162 0.000000
0.000000 -0.957378 0.151253 0.059542 0.000000
0.000000 -0.955237 0.160932 0.058831 0.000000
0.000000 -0.953011 0.170477 0.058031 0.000000
0.000000 -0.950715 0.179866 0.057146 0.000000
0.000000 -0.948365 0.189077 0.056181 0.000000
0.000000 -0.945971 0.198110 0.055136 0.000000
0.000000 -0.943544 0.206966 0.054015 0.000000
0.000000 -0.941099 0.215627 0.052821 0.000000
0.000000 -0.938651 0.224077 0.051557 0.000000
0.000000 -0.936210 0.232320 0.050224 0.000000
0.000000 -0.933785 0.240355 0.048823 0.000000
0.000000 -0.931394 0.248164 0.047358 0.000000
0.000000 -0.929051 0.255734 0.045833 0.000000
0.000000 -0.926765 0.263065 0.044248 0.000000
0.000000 -0.924547 0.270154 0.042605 0.000000
0.000000 -0.922413 0.276983 0.040908 0.000000
0.000000 -0.920374 0.283538 0.039162 0.000000
0.000000 -0.918439 0.289822 0.037366 0.000000
0.000000 -0.916614 0.295832 0.035523 0.000000
0.000000 -0.914910 0.301550 0.033636 0.000000
0.000000 -0.913337 0.306969 0.031711 0.000000
0.000000 -0.911895 0.312092 0.029745 0.000000
0.000000 -0.910592 0.316914 0.027740 0.000000
0.000000 -0.909432 0.321422 0.025702 0.000000
0.000000 -0.908420 0.325610 0.023631 0.000000
0.000000 -0.907557 0.329481 0.021526 0.000000
0.000000 -0.906845 0.333029 0.019388 0.000000
0.000000 -0.906287 0.336242 0.017222 0.000000
0.000000 -0.905885 0.339117 0.015029 0.000000
0.000000 -0.905638 0.341653 0.012807 0.000000
0.000000 -0.905548 0.343842 0.010558 0.000000
0.000000 -0.905614 0.345675 0.008288 0.000000
0.000000 -0.905835 0.347149 0.005998 0.000000
0.000000 -0.906209 0.348261 0.003689 0.000000
0.000000 -0.906733 0.349004 0.001362 0.000000
0.000000 -0.907402 0.349375 -0.000974 0.000000
0.000000 -0.908213 0.349371 -0.003318 0.000000
0.000000 -0.909160 0.348988 -0.005672 0.000000
0.000000 -0.910238 0.348222 -0.008030 0.000000
0.000000 -0.911439 0.347072 -0.010386 0.000000
0.000000 -0.912756 0.345535 -0.012738 0.000000
0.000000 -0.914184 0.343607 -0.015087 0.000000
0.000000 -0.915713 0.341286 -0.017426 0.000000
0.000000 -0.917332 0.338577 -0.019748 0.000000
0.000000 -0.919035 0.335474 -0.022053 0.000000
0.000000 -0.920816 0.331975 -0.024339 0.000000
0.000000 -0.922663 0.328083 -0.026600 0.000000
0.000000 -0.924565 0.323804 -0.028829 0.000000
0.000000 -0.926516 0.319136 -0.031026 0.000000
0.000000 -0.928510 0.314075 -0.033189 0.000000
0.000000 -0.930536 0.308633 -0.035310 0.000000
0.000000 -0.932582 0.302820 -0.037385 0.000000
0.000000 -0.934645 0.296633 -0.039413 0.000000
0.000000 -0.936718 0.290076 -0.041390 0.000000
0.000000 -0.938790 0.283169 -0.043310 0.000000
0.000000 -0.940851 0.275927 -0.045166 0.000000
0.000000 -0.942900 0.268347 -0.046961 0.000000
0.000000 -0.944929 0.260437 -0.048689 0.000000
0.000000 -0.946930 0.252226 -0.050344 0.000000
0.000000 -0.948897 0.243727 -0.051923 0.000000
0.000000 -0.950829 0.234938 -0.053426 0.000000
0.000000 -0.952719 0.225874 -0.054848 0.000000
0.000000 -0.954560 0.216567 -0.056185 0.000000
0.000000 -0.956348 0.207032 -0.057434 0.000000
0.000000 -0.958083 0.197270 -0.058593 0.000000
0.000000 -0.959757 0.187302 -0.059659 0.000000
0.000000 -0.961366 0.177166 -0.060628 0.000000
0.000000 -0.962904 0.166877 -0.061499 0.000000
0.000000 -0.964372 0.156434 -0.062269 0.000000
0.000000 -0.965764 0.145864 -0.062936 0.000000
0.000000 -0.967074 0.135201 -0.063498 0.000000
0.000000 -0.968300 0.124455 -0.063954 0.000000
0.000000 -0.969441 0.113626 -0.064302 0.000000
0.000000 -0.970493 0.102740 -0.064541 0.000000
0.000000 -0.971450 0.091834 -0.064669 0.000000
0.000000 -0.972312 0.080913 -0.064686 0.000000
0.000000 -0.973078 0.069981 -0.064589 0.000000
0.000000 -0.973745 0.059071 -0.064378 0.000000
0.000000 -0.974309 0.048218 -0.064053 0.000000
0.000000 -0.974773 0.037427 -0.063613 0.000000
0.000000 -0.975136 0.026707 -0.063057 0.000000
0.000000 -0.975397 0.016094 -0.062387 0.000000
0.000000 -0.975557 0.005620 -0.061602 0.000000
0.000000 -0.975619 -0.004712 -0.060703 0.000000
0.000000 -0.975583 -0.014892 -0.059690 0.000000
0.000000 -0.975454 -0.024883 -0.058565 0.000000
0.000000 -0.975234 -0.034661 -0.057331 0.000000
0.000000 -0.974926 -0.044224 -0.055987 0.000000
0.000000 -0.974536 -0.053560 -0.054533 0.000000
0.000000 -0.974068 -0.062633 -0.052976 0.000000
0.000000 -0.973528 -0.071424 -0.051318 0.000000
0.000000 -0.972923 -0.079931 -0.049559 0.000000
0.000000 -0.972257 -0.088139 -0.047702 0.000000
0.000000 -0.971540 -0.096017 -0.045754 0.000000
0.000000 -0.970780 -0.103549 -0.043719 0.000000
0.000000 -0.969983 -0.110736 -0.041597 0.000000
0.000000 -0.969158 -0.117563 -0.039393 0.000000
0.000000 -0.968314 -0.124005 -0.037116 0.000000
0.000000 -0.967462 -0.130054 -0.034768 0.000000
0.000000 -0.966607 -0.135709 -0.032351 0.000000
0.000000 -0.965759 -0.140959 -0.029870 0.000000
0.000000 -0.964929 -0.145783 -0.027335 0.000000
0.000000 -0.964126 -0.150179 -0.024749 0.000000
0.000000 -0.963355 -0.154147 -0.022114 0.000000
0.000000 -0.962627 -0.157675 -0.019436 0.000000
0.000000 -0.961949 -0.160754 -0.016727 0.000000
0.000000 -0.961329 -0.163382 -0.013989 0.000000
0.000000 -0.960771 -0.165561 -0.011223 0.000000
0.000000 -0.960282 -0.167284 -0.008437 0.000000
0.000000 -0.959867 -0.168547 -0.005643 0.000000
0.000000 -0.959530 -0.169351 -0.002840 0.000000
0.000000 -0.959274 -0.169698 -0.000032 0.000000
0.000000 -0.959102 -0.169585 0.002774 0.000000
0.000000 -0.959017 -0.169014 0.005569 0.000000
0.000000 -0.959018 -0.167987 0.008352 0.000000
0.000000 -0.959107 -0.166502 0.011121 0.000000
0.000000 -0.959283 -0.164562 0.013869 0.000000
0.000000 -0.959546 -0.162174 0.016587 0.000000
0.000000 -0.959895 -0.159337 0.019276 0.000000
0.000000 -0.960326 -0.156050 0.021934 0.000000
0.000000 -0.960838 -0.152323 0.024551 0.000000
0.000000 -0.961425 -0.148166 0.027121 0.000000
0.000000 -0.962084 -0.143577 0.029644 0.000000
0.000000 -0.962809 -0.138559 0.032118 0.000000
0.000000 -0.963592 -0.133131 0.034533 0.000000
0.000000 -0.964426 -0.127303 0.036884 0.000000
0.000000 -0.965304 -0.121074 0.039172 0.000000
0.000000 -0.966218 -0.114452 0.041394 0.000000
0.000000 -0.967155 -0.107460 0.043542 0.000000
0.000000 -0.968106 -0.100112 0.045612 0.000000
0.000000 -0.969062 -0.092404 0.047605 0.000000
0.000000 -0.970011 -0.084350 0.049517 0.000000
0.000000 -0.970941 -0.075980 0.051341 0.000000
0.000000 -0.971840 -0.067306 0.053076 0.000000
0.000000 -0.972700 -0.058325 0.054721 0.000000
0.000000 -0.973508 -0.049056 0.056273 0.000000
0.000000 -0.974253 -0.039535 0.057726 0.000000
0.000000 -0.974926 -0.029768 0.059079 0.000000
0.000000 -0.975518 -0.019756 0.060333 0.000000
0.000000 -0.976020 -0.009524 0.061484 0.000000
0.000000 -0.976424 0.000892 0.062528 0.000000
0.000000 -0.976723 0.011483 0.063465 0.000000
0.000000 -0.976912 0.022249 0.064295 0.000000
0.000000 -0.976985 0.033154 0.065015 0.000000
0.000000 -0.976938 0.044161 0.065624 0.000000
0.000000 -0.976768 0.055265 0.066122 0.000000
0.000000 -0.976472 0.066461 0.066509 0.000000
0.000000 -0.976049 0.077710 0.066785 0.000000
0.000000 -0.975500 0.088979 0.066949 0.000000
0.000000 -0.974824 0.100266 0.067003 0.000000
0.000000 -0.974021 0.111566 0.066947 0.000000
0.000000 -0.973094 0.122838 0.066782 0.000000
0.000000 -0.972049 0.134053 0.066510 0.000000
0.000000 -0.970886 0.145213 0.066130 0.000000
0.000000 -0.969609 0.156307 0.065646 0.000000
0.000000 -0.968226 0.167295 0.065058 0.000000
0.000000 -0.966745 0.178152 0.064369 0.000000
0.000000 -0.965167 0.188883 0.063580 0.000000
0.000000 -0.963502 0.199475 0.062693 0.000000
0.000000 -0.961758 0.209889 0.061711 0.000000
0.000000 -0.959945 0.220109 0.060638 0.000000
0.000000 -0.958069 0.230139 0.059474 0.000000
0.000000 -0.956136 0.239965 0.058222 0.000000
0.000000 -0.954161 0.249552 0.056886 0.000000
0.000000 -0.952153 0.258888 0.055470 0.000000
0.000000 -0.950115 0.267979 0.053975 0.000000
0.000000 -0.948059 0.276809 0.052403 0.000000
0.000000 -0.945996 0.285347 0.050762 0.000000
0.000000 -0.943935 0.293589 0.049054 0.000000
0.000000 -0.941879 0.301540 0.047279 0.000000
0.000000 -0.939838 0.309184 0.045442 0.000000
0.000000 -0.937825 0.316498 0.043549 0.000000
0.000000 -0.935845 0.323482 0.041602 0.000000
0.000000 -0.933901 0.330139 0.039601 0.000000
0.000000 -0.932003 0.336456 0.037551 0.000000
0.000000 -0.930163 0.342414 0.035460 0.000000
0.000000 -0.928383 0.348017 0.033328 0.000000
0.000000 -0.926670 0.353266 0.031155 0.000000
0.000000 -0.925031 0.358148 0.028948 0.000000
0.000000 -0.923478 0.362652 0.026712 0.000000
0.000000 -0.922012 0.366781 0.024449 0.000000
0.000000 -0.920640 0.370538 0.022158 0.000000
0.000000 -0.919369 0.373911 0.019847 0.000000
0.000000 -0.918207 0.376896 0.017522 0.000000
0.000000 -0.917157 0.379497 0.015182 0.000000
0.000000 -0.916223 0.381716 0.012828 0.000000
0.000000 -0.915413 0.383546 0.010468 0.000000
0.000000 -0.914731 0.384989 0.008106 0.000000
0.000000 -0.914179 0.386048 0.005742 0.000000
0.000000 -0.913761 0.386723 0.003376 0.000000
0.000000 -0.913482 0.387016 0.001018 0.000000
0.000000 -0.913342 0.386929 -0.001328 0.000000
0.000000 -0.913345 0.386464 -0.003665 0.000000
0.000000 -0.913491 0.385624 -0.005989 0.000000
0.000000 -0.913779 0.384413 -0.008292 0.000000
0.000000 -0.914210 0.382836 -0.010570 0.000000
0.000000 -0.914781 0.380893 -0.012824 0.000000
0.000000 -0.915491 0.378589 -0.015052 0.000000
0.000000 -0.916334 0.375932 -0.017243 0.000000
0.000000 -0.917305 0.372928 -0.019397 0.000000
0.000000 -0.918401 0.369574 -0.021515 0.000000
0.000000 -0.919615 0.365878 -0.023592 0.000000
0.000000 -0.920936 0.361852 -0.025621 0.000000
0.000000 -0.922358 0.357498 -0.027602 0.000000
0.000000 -0.923875 0.352814 -0.029534 0.000000
0.000000 -0.925477 0.347810 -0.031415 0.000000
0.000000 -0.927150 0.342501 -0.033236 0.000000
0.000000 -0.928888 0.336888 -0.035000 0.000000
0.000000 -0.930685 0.330968 -0.036705 0.000000
0.000000 -0.932528 0.324757 -0.038348 0.000000
0.000000 -0.934404 0.318274 -0.039923 0.000000
0.000000 -0.936308 0.311517 -0.041431 0.000000
0.000000 -0.938232 0.304486 -0.042871 0.000000
0.000000 -0.940164 0.297206 -0.044239 0.000000
0.000000 -0.942092 0.289698 -0.045531 0.000000
0.000000 -0.944011 0.281959 -0.046746 0.000000
0.000000 -0.945914 0.273994 -0.047886 0.000000
0.000000 -0.947788 0.265834 -0.048945 0.000000
0.000000 -0.949625 0.257500 -0.049921 0.000000
0.000000 -0.951421 0.248987 -0.050815 0.000000
0.000000 -0.953168 0.240306 -0.051626 0.000000
0.000000 -0.954856 0.231489 -0.052351 0.000000
0.000000 -0.956477 0.222557 -0.052990 0.000000
0.000000 -0.958031 0.213504 -0.053542 0.000000
0.000000 -0.959511 0.204344 -0.054008 0.000000
0.000000 -0.960909 0.195112 -0.054386 0.000000
0.000000 -0.962221 0.185825 -0.054675 0.000000
0.000000 -0.963448 0.176476 -0.054877 0.000000
0.000000 -0.964587 0.167085 -0.054991 0.000000
0.000000 -0.965632 0.157688 -0.055018 0.000000
0.000000 -0.966585 0.148298 -0.054957 0.000000
0.000000 -0.967447 0.138908 -0.054810 0.000000
0.000000 -0.968218 0.129543 -0.054576 0.000000
0.000000 -0.968899 0.120240 -0.054258 0.000000
0.000000 -0.969491 0.111004 -0.053856 0.000000
0.000000 -0.970000 0.101833 -0.053370 0.000000
0.000000 -0.970428 0.092754 -0.052802 0.000000
0.000000 -0.970778 0.083800 -0.052154 0.000000
0.000000 -0.971054 0.074972 -0.051427 0.000000
0.000000 -0.971263 0.066270 -0.050621 0.000000
0.000000 -0.971407 0.057720 -0.049739 0.000000
0.000000 -0.971491 0.049352 -0.048783 0.000000
0.000000 -0.971522 0.041163 -0.047754 0.000000
0.000000 -0.971503 0.033153 -0.046652 0.000000
0.000000 -0.971441 0.025352 -0.045481 0.000000
0.000000 -0.971340 0.017781 -0.044244 0.000000
0.000000 -0.971205 0.010435 -0.042942 0.000000
0.000000 -0.971041 0.003318 -0.041574 0.000000
0.000000 -0.970853 -0.003544 -0.040146 0.000000
0.000000 -0.970647 -0.010135 -0.038662 0.000000
0.000000 -0.970427 -0.016460 -0.037122 0.000000
0.000000 -0.970197 -0.022515 -0.035525 0.000000
0.000000 -0.969963 -0.028277 -0.033881 0.000000
0.000000 -0.969729 -0.033735 -0.032191 0.000000
0.000000 -0.969499 -0.038896 -0.030455 0.000000
0.000000 -0.969279 -0.043754 -0.028675 0.000000
0.000000 -0.969072 -0.048290 -0.026859 0.000000
0.000000 -0.968884 -0.052501 -0.025010 0.000000
0.000000 -0.968718 -0.056392 -0.023127 0.000000
0.000000 -0.968579 -0.059956 -0.021213 0.000000
0.000000 -0.968472 -0.063181 -0.019276 0.000000
0.000000 -0.968400 -0.066067 -0.017318 0.000000
0.000000 -0.968367 -0.068618 -0.015337 0.000000
0.000000 -0.968378 -0.070829 -0.013339 0.000000
0.000000 -0.968435 -0.072693 -0.011332 0.000000
0.000000 -0.968542 -0.074213 -0.009316 0.000000
0.000000 -0.968701 -0.075391 -0.007291 0.000000
0.000000 -0.968915 -0.076225 -0.005262 0.000000
0.000000 -0.969185 -0.076714 -0.003237 0.000000
0.000000 -0.969512 -0.076861 -0.001216 0.000000
0.000000 -0.969897 -0.076667 0.000801 0.000000
0.000000 -0.970339 -0.076134 0.002808 0.000000
0.000000 -0.970836 -0.075266 0.004798 0.000000
0.000000 -0.971387 -0.074066 0.006771 0.000000
0.000000 -0.971991 -0.072533 0.008728 0.000000
0.000000 -0.972643 -0.070675 0.010661 0.000000
0.000000 -0.973339 -0.068498 0.012564 0.000000
0.000000 -0.974074 -0.066005 0.014438 0.000000
0.000000 -0.974847 -0.063195 0.016283 0.000000
0.000000 -0.975648 -0.060081 0.018091 0.000000
0.000000 -0.976472 -0.056673 0.019857 0.000000
0.000000 -0.977314 -0.052968 0.021582 0.000000
0.000000 -0.978168 -0.048971 0.023266 0.000000
0.000000 -0.979026 -0.044698 0.024900 0.000000
0.000000 -0.979880 -0.040160 0.026481 0.000000
0.000000 -0.980725 -0.035354 0.028010 0.000000
0.000000 -0.981555 -0.030288 0.029485 0.000000
0.000000 -0.982360 -0.024984 0.030899 0.000000
0.000000 -0.983134 -0.019454 0.032249 0.000000
0.000000 -0.983873 -0.013692 0.033537 0.000000
0.000000 -0.984568 -0.007712 0.034760 0.000000
0.000000 -0.985213 -0.001540 0.035912 0.000000
0.000000 -0.985803 0.004816 0.036993 0.000000
0.000000 -0.986332 0.011358 0.038002 0.000000
0.000000 -0.986797 0.018069 0.038937 0.000000
0.000000 -0.987190 0.024919 0.039793 0.000000
0.000000 -0.987510 0.031903 0.040571 0.000000
0.000000 -0.987753 0.039022 0.041271 0.000000
0.000000 -0.987916 0.046253 0.041890 0.000000
0.000000 -0.987996 0.053565 0.042426 0.000000
0.000000 -0.987992 0.060955 0.042879 0.000000
0.000000 -0.987904 0.068423 0.043249 0.000000
0.000000 -0.987731 0.075940 0.043535 0.000000
0.000000 -0.987472 0.083477 0.043736 0.000000
0.000000 -0.987130 0.091036 0.043852 0.000000
0.000000 -0.986704 0.098612 0.043884 0.000000
0.000000 -0.986197 0.106174 0.043832 0.000000
0.000000 -0.985612 0.113698 0.043697 0.000000
0.000000 -0.984951 0.121187 0.043479 0.000000
0.000000 -0.984217 0.128634 0.043178 0.000000
