0.000000 0.968809 0.120403 -0.000110 0.000000
0.000000 0.968809 0.120403 -0.000111 0.000000
0.000000 0.968809 0.120404 -0.000113 0.000000
0.000000 0.968809 0.120404 -0.000117 0.000000
0.000000 0.968809 0.120404 -0.000125 0.000000
0.000000 0.968809 0.120404 -0.000138 0.000000
0.000000 0.968809 0.120405 -0.000162 0.000000
0.000000 0.968808 0.120407 -0.000205 0.000000
0.000000 0.968807 0.120410 -0.000283 0.000000
0.000000 0.968805 0.120419 -0.000423 0.000000
0.000000 0.968799 0.120439 -0.000675 0.000000
0.000000 0.968783 0.120495 -0.001127 0.000000
0.000000 0.968737 0.120655 -0.001941 0.000000
0.000000 0.968600 0.121138 -0.003400 0.000000
0.000000 0.968177 0.122633 -0.006012 0.000000
0.000000 0.967864 0.123736 -0.007374 0.000000
0.000000 0.967176 0.126137 -0.009697 0.000000
0.000000 0.966853 0.127255 -0.010605 0.000000
0.000000 0.966195 0.129514 -0.012232 0.000000
0.000000 0.965665 0.131315 -0.013386 0.000000
0.000000 0.964665 0.134669 -0.015298 0.000000
0.000000 0.964190 0.136242 -0.016113 0.000000
0.000000 0.963265 0.139272 -0.017573 0.000000
0.000000 0.962511 0.141708 -0.018661 0.000000
0.000000 0.961218 0.145821 -0.020357 0.000000
0.000000 0.960551 0.147912 -0.021163 0.000000
0.000000 0.959270 0.151870 -0.022606 0.000000
0.000000 0.958361 0.154635 -0.023557 0.000000
0.000000 0.956603 0.159883 -0.025254 0.000000
0.000000 0.955843 0.162117 -0.025939 0.000000
0.000000 0.954405 0.166278 -0.027163 0.000000
0.000000 0.953105 0.169974 -0.028201 0.000000
0.000000 0.951326 0.174941 -0.029529 0.000000
0.000000 0.950076 0.178367 -0.030407 0.000000
0.000000 0.947695 0.184763 -0.031969 0.000000
0.000000 0.946673 0.187456 -0.032601 0.000000
0.000000 0.944760 0.192421 -0.033727 0.000000
0.000000 0.943028 0.196833 -0.034691 0.000000
0.000000 0.940718 0.202602 -0.035903 0.000000
0.000000 0.939059 0.206664 -0.036726 0.000000
0.000000 0.935925 0.214174 -0.038188 0.000000
0.000000 0.934646 0.217179 -0.038753 0.000000
0.000000 0.932267 0.222680 -0.039760 0.000000
0.000000 0.929979 0.227872 -0.040679 0.000000
0.000000 0.927252 0.233935 -0.041718 0.000000
0.000000 0.924951 0.238951 -0.042550 0.000000
0.000000 0.921586 0.246135 -0.043703 0.000000
0.000000 0.919558 0.250381 -0.044364 0.000000
0.000000 0.915773 0.258146 -0.045536 0.000000
0.000000 0.913767 0.262182 -0.046127 0.000000
0.000000 0.910040 0.269542 -0.047176 0.000000
0.000000 0.907634 0.274202 -0.047822 0.000000
0.000000 0.903154 0.282702 -0.048964 0.000000
0.000000 0.901037 0.286639 -0.049478 0.000000
0.000000 0.897124 0.293795 -0.050391 0.000000
0.000000 0.894138 0.299152 -0.051056 0.000000
0.000000 0.889141 0.307925 -0.052113 0.000000
0.000000 0.886766 0.312016 -0.052594 0.000000
0.000000 0.882384 0.319435 -0.053445 0.000000
0.000000 0.879092 0.324905 -0.054057 0.000000
0.000000 0.873475 0.334042 -0.055051 0.000000
0.000000 0.870910 0.338135 -0.055486 0.000000
0.000000 0.866193 0.345542 -0.056256 0.000000
0.000000 0.862435 0.351332 -0.056845 0.000000
0.000000 0.856631 0.360093 -0.057713 0.000000
0.000000 0.853522 0.364700 -0.058160 0.000000
0.000000 0.847800 0.373027 -0.058950 0.000000
0.000000 0.844244 0.378107 -0.059422 0.000000
0.000000 0.837693 0.387282 -0.060257 0.000000
0.000000 0.834477 0.391704 -0.060652 0.000000
0.000000 0.828576 0.399681 -0.061351 0.000000
0.000000 0.824405 0.405215 -0.061828 0.000000
0.000000 0.816725 0.415194 -0.062671 0.000000
0.000000 0.813671 0.419087 -0.062994 0.000000
0.000000 0.808090 0.426099 -0.063570 0.000000
0.000000 0.802705 0.432739 -0.064107 0.000000
0.000000 0.796628 0.440090 -0.064694 0.000000
0.000000 0.791317 0.446397 -0.065191 0.000000
0.000000 0.784327 0.454533 -0.065825 0.000000
0.000000 0.779556 0.459984 -0.066246 0.000000
0.000000 0.770799 0.469780 -0.066996 0.000000
0.000000 0.767140 0.473795 -0.067301 0.000000
0.000000 0.760461 0.481010 -0.067847 0.000000
0.000000 0.754497 0.487330 -0.068323 0.000000
0.000000 0.746972 0.495145 -0.068910 0.000000
0.000000 0.741481 0.500740 -0.069330 0.000000
0.000000 0.731968 0.510221 -0.070043 0.000000
0.000000 0.727835 0.514261 -0.070347 0.000000
0.000000 0.720295 0.521505 -0.070895 0.000000
0.000000 0.713978 0.527454 -0.071347 0.000000
0.000000 0.705155 0.535587 -0.071971 0.000000
0.000000 0.699734 0.540484 -0.072349 0.000000
0.000000 0.689823 0.549245 -0.073035 0.000000
0.000000 0.684951 0.553463 -0.073369 0.000000
0.000000 0.676063 0.561008 -0.073976 0.000000
0.000000 0.669874 0.566153 -0.074396 0.000000
0.000000 0.658549 0.575337 -0.075161 0.000000
0.000000 0.653999 0.578945 -0.075468 0.000000
0.000000 0.645715 0.585396 -0.076026 0.000000
0.000000 0.637912 0.591335 -0.076552 0.000000
0.000000 0.628921 0.598017 -0.077160 0.000000
0.000000 0.621370 0.603497 -0.077671 0.000000
0.000000 0.610934 0.610877 -0.078381 0.000000
0.000000 0.604408 0.615380 -0.078827 0.000000
0.000000 0.592487 0.623386 -0.079647 0.000000
0.000000 0.586807 0.627102 -0.080040 0.000000
0.000000 0.576453 0.633716 -0.080763 0.000000
0.000000 0.568924 0.638398 -0.081293 0.000000
0.000000 0.555846 0.646276 -0.082224 0.000000
0.000000 0.550235 0.649560 -0.082628 0.000000
0.000000 0.540016 0.655392 -0.083369 0.000000
0.000000 0.531298 0.660219 -0.084009 0.000000
0.000000 0.519530 0.666519 -0.084884 0.000000
0.000000 0.511893 0.670478 -0.085458 0.000000
0.000000 0.497938 0.677450 -0.086523 0.000000
0.000000 0.491666 0.680475 -0.087007 0.000000
0.000000 0.480242 0.685813 -0.087900 0.000000
0.000000 0.471148 0.689905 -0.088620 0.000000
0.000000 0.457492 0.695793 -0.089716 0.000000
0.000000 0.450031 0.698880 -0.090323 0.000000
0.000000 0.436422 0.704277 -0.091445 0.000000
0.000000 0.428401 0.707319 -0.092115 0.000000
0.000000 0.413763 0.712605 -0.093353 0.000000
0.000000 0.406105 0.715235 -0.094009 0.000000
0.000000 0.392145 0.719793 -0.095219 0.000000
0.000000 0.383345 0.722510 -0.095991 0.000000
0.000000 0.367282 0.727161 -0.097417 0.000000
0.000000 0.359730 0.729212 -0.098095 0.000000
0.000000 0.345980 0.732723 -0.099341 0.000000
0.000000 0.335766 0.735147 -0.100276 0.000000
0.000000 0.318703 0.738848 -0.101855 0.000000
0.000000 0.310898 0.740397 -0.102584 0.000000
0.000000 0.296698 0.742985 -0.103918 0.000000
0.000000 0.285718 0.744784 -0.104958 0.000000
0.000000 0.268554 0.747245 -0.106596 0.000000
0.000000 0.259813 0.748335 -0.107435 0.000000
0.000000 0.243915 0.750038 -0.108968 0.000000
0.000000 0.233517 0.750958 -0.109975 0.000000
0.000000 0.214586 0.752239 -0.111815 0.000000
0.000000 0.206252 0.752644 -0.112627 0.000000
0.000000 0.191125 0.753133 -0.114103 0.000000
0.000000 0.178825 0.753296 -0.115305 0.000000
0.000000 0.161092 0.753165 -0.117037 0.000000
0.000000 0.150910 0.752896 -0.118030 0.000000
0.000000 0.132429 0.752048 -0.119829 0.000000
0.000000 0.122464 0.751399 -0.120797 0.000000
0.000000 0.104396 0.749884 -0.122545 0.000000
0.000000 0.093662 0.748778 -0.123578 0.000000
0.000000 0.074207 0.746384 -0.125441 0.000000
0.000000 0.064305 0.744974 -0.126382 0.000000
0.000000 0.046384 0.742096 -0.128075 0.000000
0.000000 0.034790 0.740011 -0.129162 0.000000
0.000000 0.013810 0.735794 -0.131108 0.000000
0.000000 0.004537 0.733749 -0.131960 0.000000
0.000000 -0.012215 0.729775 -0.133485 0.000000
0.000000 -0.025569 0.726349 -0.134686 0.000000
0.000000 -0.045086 0.720933 -0.136420 0.000000
0.000000 -0.055893 0.717726 -0.137367 0.000000
0.000000 -0.075392 0.711563 -0.139054 0.000000
0.000000 -0.086347 0.707889 -0.139988 0.000000
0.000000 -0.106099 0.700882 -0.141646 0.000000
0.000000 -0.116928 0.696830 -0.142541 0.000000
0.000000 -0.136437 0.689155 -0.144128 0.000000
0.000000 -0.147535 0.684574 -0.145015 0.000000
0.000000 -0.167512 0.675932 -0.146584 0.000000
0.000000 -0.178220 0.671090 -0.147409 0.000000
0.000000 -0.197481 0.662009 -0.148867 0.000000
0.000000 -0.208793 0.656452 -0.149706 0.000000
0.000000 -0.229123 0.646046 -0.151183 0.000000
0.000000 -0.239439 0.640558 -0.151917 0.000000
0.000000 -0.257967 0.630346 -0.153208 0.000000
0.000000 -0.269753 0.623608 -0.154012 0.000000
0.000000 -0.290894 0.611048 -0.155417 0.000000
0.000000 -0.300286 0.605268 -0.156026 0.000000
0.000000 -0.317130 0.594588 -0.157095 0.000000
0.000000 -0.330174 0.586036 -0.157901 0.000000
0.000000 -0.349710 0.572757 -0.159074 0.000000
0.000000 -0.359845 0.565639 -0.159666 0.000000
0.000000 -0.377977 0.552505 -0.160694 0.000000
0.000000 -0.389009 0.544256 -0.161300 0.000000
0.000000 -0.408706 0.529024 -0.162345 0.000000
0.000000 -0.418007 0.521601 -0.162821 0.000000
0.000000 -0.434613 0.507964 -0.163641 0.000000
0.000000 -0.446231 0.498122 -0.164192 0.000000
0.000000 -0.466287 0.480522 -0.165095 0.000000
0.000000 -0.474430 0.473148 -0.165443 0.000000
0.000000 -0.488943 0.459661 -0.166035 0.000000
0.000000 -0.501588 0.447539 -0.166521 0.000000
0.000000 -0.516951 0.432324 -0.167069 0.000000
0.000000 -0.527953 0.421086 -0.167431 0.000000
0.000000 -0.546058 0.401934 -0.167968 0.000000
0.000000 -0.553903 0.393371 -0.168176 0.000000
0.000000 -0.567825 0.377757 -0.168504 0.000000
0.000000 -0.578685 0.365193 -0.168723 0.000000
0.000000 -0.594255 0.346557 -0.168972 0.000000
0.000000 -0.602632 0.336211 -0.169073 0.000000
0.000000 -0.617431 0.317358 -0.169189 0.000000
0.000000 -0.625667 0.306530 -0.169217 0.000000
0.000000 -0.640192 0.286815 -0.169194 0.000000
0.000000 -0.647835 0.276105 -0.169142 0.000000
0.000000 -0.661305 0.256631 -0.168979 0.000000
0.000000 -0.669021 0.245110 -0.168841 0.000000
0.000000 -0.682584 0.224170 -0.168510 0.000000
0.000000 -0.689357 0.213362 -0.168300 0.000000
0.000000 -0.701267 0.193745 -0.167849 0.000000
0.000000 -0.708608 0.181240 -0.167515 0.000000
0.000000 -0.721448 0.158535 -0.166816 0.000000
0.000000 -0.727097 0.148183 -0.166458 0.000000
0.000000 -0.737012 0.129431 -0.165745 0.000000
0.000000 -0.744338 0.115056 -0.165143 0.000000
0.000000 -0.755355 0.092513 -0.164100 0.000000
0.000000 -0.760624 0.081297 -0.163535 0.000000
0.000000 -0.769805 0.061002 -0.162437 0.000000
0.000000 -0.775691 0.047430 -0.161645 0.000000
0.000000 -0.785829 0.022875 -0.160095 0.000000
0.000000 -0.789878 0.012596 -0.159400 0.000000
0.000000 -0.796895 -0.005959 -0.158076 0.000000
0.000000 -0.802663 -0.022012 -0.156855 0.000000
0.000000 -0.809645 -0.042593 -0.155186 0.000000
0.000000 -0.814148 -0.056660 -0.153977 0.000000
0.000000 -0.821703 -0.081995 -0.151650 0.000000
0.000000 -0.824522 -0.092129 -0.150664 0.000000
0.000000 -0.829295 -0.110352 -0.148809 0.000000
0.000000 -0.833317 -0.127000 -0.147019 0.000000
0.000000 -0.837565 -0.146284 -0.144825 0.000000
0.000000 -0.840612 -0.161584 -0.142988 0.000000
0.000000 -0.844479 -0.183600 -0.140185 0.000000
0.000000 -0.846349 -0.195781 -0.138549 0.000000
0.000000 -0.849185 -0.217514 -0.135467 0.000000
0.000000 -0.850454 -0.229391 -0.133689 0.000000
0.000000 -0.852197 -0.250511 -0.130351 0.000000
0.000000 -0.852864 -0.262183 -0.128401 0.000000
0.000000 -0.853495 -0.282849 -0.124747 0.000000
0.000000 -0.853526 -0.293963 -0.122667 0.000000
0.000000 -0.853019 -0.313548 -0.118781 0.000000
0.000000 -0.852407 -0.324411 -0.116493 0.000000
0.000000 -0.850714 -0.343426 -0.112230 0.000000
0.000000 -0.849494 -0.353323 -0.109867 0.000000
0.000000 -0.846760 -0.370538 -0.105484 0.000000
0.000000 -0.844840 -0.380252 -0.102839 0.000000
0.000000 -0.840818 -0.396960 -0.097948 0.000000
0.000000 -0.838496 -0.405070 -0.095394 0.000000
0.000000 -0.833885 -0.418926 -0.090705 0.000000
0.000000 -0.830686 -0.427199 -0.087674 0.000000
0.000000 -0.824444 -0.441023 -0.082128 0.000000
0.000000 -0.821453 -0.446776 -0.079601 0.000000
0.000000 -0.815812 -0.456381 -0.075016 0.000000
0.000000 -0.811280 -0.463093 -0.071468 0.000000
0.000000 -0.804041 -0.472251 -0.065993 0.000000
0.000000 -0.800280 -0.476339 -0.063225 0.000000
0.000000 -0.793376 -0.482782 -0.058249 0.000000
0.000000 -0.788858 -0.486312 -0.055054 0.000000
0.000000 -0.780649 -0.491441 -0.049344 0.000000
0.000000 -0.777033 -0.493200 -0.046860 0.000000
0.000000 -0.770533 -0.495618 -0.042431 0.000000
0.000000 -0.765369 -0.496870 -0.038937 0.000000
0.000000 -0.758009 -0.497639 -0.033982 0.000000
0.000000 -0.753918 -0.497545 -0.031235 0.000000
0.000000 -0.746683 -0.496449 -0.026376 0.000000
0.000000 -0.742834 -0.495367 -0.023786 0.000000
0.000000 -0.736068 -0.492586 -0.019216 0.000000
0.000000 -0.732280 -0.490516 -0.016643 0.000000
0.000000 -0.725666 -0.485960 -0.012116 0.000000
0.000000 -0.722302 -0.483152 -0.009790 0.000000
0.000000 -0.716449 -0.477412 -0.005700 0.000000
0.000000 -0.713037 -0.473526 -0.003285 0.000000
0.000000 -0.707155 -0.465792 0.000947 0.000000
0.000000 -0.704423 -0.461713 0.002947 0.000000
0.000000 -0.699711 -0.453863 0.006459 0.000000
0.000000 -0.696630 -0.448118 0.008803 0.000000
0.000000 -0.691401 -0.437090 0.012891 0.000000
0.000000 -0.689437 -0.432485 0.014467 0.000000
0.000000 -0.686063 -0.423887 0.017236 0.000000
0.000000 -0.683115 -0.415582 0.019728 0.000000
0.000000 -0.679968 -0.405769 0.022476 0.000000
0.000000 -0.677539 -0.397417 0.024671 0.000000
0.000000 -0.674444 -0.385611 0.027577 0.000000
0.000000 -0.672689 -0.378237 0.029289 0.000000
0.000000 -0.669774 -0.364663 0.032256 0.000000
0.000000 -0.668485 -0.358036 0.033626 0.000000
0.000000 -0.666336 -0.345940 0.036007 0.000000
0.000000 -0.664964 -0.337400 0.037601 0.000000
0.000000 -0.662764 -0.321965 0.040315 0.000000
0.000000 -0.661983 -0.315841 0.041336 0.000000
0.000000 -0.660696 -0.304773 0.043107 0.000000
0.000000 -0.659626 -0.294384 0.044685 0.000000
0.000000 -0.658574 -0.282697 0.046369 0.000000
0.000000 -0.657812 -0.272914 0.047708 0.000000
0.000000 -0.656962 -0.259922 0.049392 0.000000
0.000000 -0.656518 -0.251705 0.050403 0.000000
0.000000 -0.655904 -0.237072 0.052107 0.000000
0.000000 -0.655705 -0.230617 0.052820 0.000000
0.000000 -0.655461 -0.219144 0.054032 0.000000
0.000000 -0.655370 -0.210389 0.054912 0.000000
0.000000 -0.655393 -0.197432 0.056143 0.000000
0.000000 -0.655479 -0.190831 0.056740 0.000000
0.000000 -0.655759 -0.179204 0.057743 0.000000
0.000000 -0.656010 -0.172231 0.058316 0.000000
0.000000 -0.656612 -0.160024 0.059271 0.000000
0.000000 -0.656964 -0.154410 0.059690 0.000000
0.000000 -0.657705 -0.144570 0.060396 0.000000
0.000000 -0.658319 -0.137778 0.060863 0.000000
0.000000 -0.659552 -0.126465 0.061607 0.000000
0.000000 -0.660133 -0.121907 0.061895 0.000000
0.000000 -0.661282 -0.113940 0.062386 0.000000
0.000000 -0.662383 -0.107324 0.062782 0.000000
0.000000 -0.663954 -0.099182 0.063258 0.000000
0.000000 -0.665137 -0.093844 0.063564 0.000000
0.000000 -0.667518 -0.084664 0.064086 0.000000
0.000000 -0.668570 -0.081143 0.064286 0.000000
0.000000 -0.670619 -0.075022 0.064635 0.000000
0.000000 -0.672678 -0.069679 0.064944 0.000000
0.000000 -0.675341 -0.063713 0.065297 0.000000
0.000000 -0.677641 -0.059240 0.065570 0.000000
0.000000 -0.681415 -0.052946 0.065968 0.000000
0.000000 -0.683627 -0.049738 0.066179 0.000000
0.000000 -0.687967 -0.044237 0.066557 0.000000
0.000000 -0.690744 -0.041161 0.066778 0.000000
0.000000 -0.696181 -0.035901 0.067174 0.000000
0.000000 -0.699164 -0.033358 0.067376 0.000000
0.000000 -0.704918 -0.028984 0.067737 0.000000
0.000000 -0.708854 -0.026316 0.067969 0.000000
0.000000 -0.716451 -0.021732 0.068385 0.000000
0.000000 -0.720040 -0.019773 0.068571 0.000000
0.000000 -0.726818 -0.016353 0.068906 0.000000
0.000000 -0.732388 -0.013762 0.069169 0.000000
0.000000 -0.741138 -0.009992 0.069566 0.000000
0.000000 -0.745982 -0.008025 0.069779 0.000000
0.000000 -0.755033 -0.004515 0.070167 0.000000
0.000000 -0.760618 -0.002424 0.070403 0.000000
0.000000 -0.770999 0.001376 0.070835 0.000000
0.000000 -0.776298 0.003298 0.071054 0.000000
0.000000 -0.786052 0.006849 0.071458 0.000000
0.000000 -0.792629 0.009282 0.071731 0.000000
0.000000 -0.804686 0.013893 0.072237 0.000000
0.000000 -0.809834 0.015944 0.072455 0.000000
0.000000 -0.819171 0.019830 0.072854 0.000000
0.000000 -0.827129 0.023344 0.073198 0.000000
0.000000 -0.837588 0.028311 0.073656 0.000000
0.000000 -0.844396 0.031797 0.073957 0.000000
0.000000 -0.856512 0.038593 0.074495 0.000000
0.000000 -0.861622 0.041725 0.074722 0.000000
0.000000 -0.870646 0.047712 0.075119 0.000000
0.000000 -0.877887 0.053007 0.075433 0.000000
0.000000 -0.887405 0.060779 0.075831 0.000000
0.000000 -0.892963 0.065832 0.076053 0.000000
0.000000 -0.902369 0.075498 0.076397 0.000000
0.000000 -0.906549 0.080356 0.076532 0.000000
0.000000 -0.913510 0.089489 0.076721 0.000000
0.000000 -0.917933 0.096190 0.076807 0.000000
0.000000 -0.924678 0.108506 0.076853 0.000000
0.000000 -0.926989 0.113630 0.076829 0.000000
0.000000 -0.930519 0.123044 0.076724 0.000000
0.000000 -0.932983 0.131742 0.076555 0.000000
0.000000 -0.934961 0.142196 0.076261 0.000000
0.000000 -0.935764 0.150322 0.075964 0.000000
0.000000 -0.935751 0.162693 0.075392 0.000000
0.000000 -0.935158 0.169018 0.075042 0.000000
0.000000 -0.933088 0.180261 0.074320 0.000000
0.000000 -0.931145 0.187167 0.073809 0.000000
0.000000 -0.926430 0.199241 0.072779 0.000000
0.000000 -0.923759 0.204602 0.072261 0.000000
0.000000 -0.918197 0.213909 0.071262 0.000000
0.000000 -0.913467 0.220516 0.070467 0.000000
0.000000 -0.904871 0.230552 0.069098 0.000000
0.000000 -0.900493 0.234953 0.068428 0.000000
0.000000 -0.892098 0.242407 0.067174 0.000000
0.000000 -0.885628 0.247444 0.066229 0.000000
0.000000 -0.874238 0.255146 0.064595 0.000000
0.000000 -0.869050 0.258248 0.063859 0.000000
0.000000 -0.859495 0.263407 0.062510 0.000000
0.000000 -0.851732 0.267140 0.061417 0.000000
0.000000 -0.840338 0.271986 0.059810 0.000000
0.000000 -0.833945 0.274416 0.058903 0.000000
0.000000 -0.822441 0.278335 0.057258 0.000000
0.000000 -0.816113 0.280267 0.056343 0.000000
0.000000 -0.804836 0.283366 0.054687 0.000000
0.000000 -0.798605 0.284907 0.053755 0.000000
0.000000 -0.787601 0.287369 0.052076 0.000000
0.000000 -0.781704 0.288565 0.051155 0.000000
0.000000 -0.771371 0.290484 0.049497 0.000000
0.000000 -0.765687 0.291455 0.048558 0.000000
0.000000 -0.755813 0.293026 0.046871 0.000000
0.000000 -0.750709 0.293793 0.045967 0.000000
0.000000 -0.741905 0.295065 0.044344 0.000000
0.000000 -0.736992 0.295761 0.043399 0.000000
0.000000 -0.728613 0.296952 0.041704 0.000000
0.000000 -0.724559 0.297544 0.040839 0.000000
0.000000 -0.717678 0.298602 0.039287 0.000000
0.000000 -0.713617 0.299276 0.038311 0.000000
0.000000 -0.706861 0.300527 0.036558 0.000000
0.000000 -0.704029 0.301121 0.035762 0.000000
0.000000 -0.699305 0.302243 0.034331 0.000000
0.000000 -0.696043 0.303149 0.033246 0.000000
0.000000 -0.691490 0.304681 0.031545 0.000000
0.000000 -0.689491 0.305493 0.030705 0.000000
0.000000 -0.686291 0.307064 0.029188 0.000000
0.000000 -0.684428 0.308200 0.028166 0.000000
0.000000 -0.681631 0.310429 0.026315 0.000000
0.000000 -0.680681 0.311421 0.025547 0.000000
0.000000 -0.679261 0.313317 0.024155 0.000000
0.000000 -0.678317 0.315101 0.022926 0.000000
0.000000 -0.677516 0.317499 0.021374 0.000000
0.000000 -0.677197 0.319305 0.020268 0.000000
0.000000 -0.677112 0.322699 0.018308 0.000000
0.000000 -0.677245 0.324167 0.017500 0.000000
0.000000 -0.677721 0.326930 0.016034 0.000000
0.000000 -0.678396 0.329524 0.014712 0.000000
0.000000 -0.679521 0.332832 0.013090 0.000000
0.000000 -0.680571 0.335401 0.011870 0.000000
0.000000 -0.682634 0.339728 0.009880 0.000000
0.000000 -0.683755 0.341830 0.008936 0.000000
0.000000 -0.686018 0.345720 0.007219 0.000000
0.000000 -0.687845 0.348606 0.005965 0.000000
0.000000 -0.691290 0.353605 0.003819 0.000000
0.000000 -0.692922 0.355811 0.002878 0.000000
0.000000 -0.696070 0.359826 0.001166 0.000000
0.000000 -0.698821 0.363114 -0.000242 0.000000
0.000000 -0.702991 0.367759 -0.002251 0.000000
0.000000 -0.705573 0.370456 -0.003435 0.000000
0.000000 -0.710501 0.375261 -0.005594 0.000000
0.000000 -0.713184 0.377702 -0.006722 0.000000
0.000000 -0.718241 0.381997 -0.008777 0.000000
0.000000 -0.721536 0.384590 -0.010073 0.000000
0.000000 -0.727730 0.389053 -0.012436 0.000000
0.000000 -0.730707 0.391014 -0.013544 0.000000
0.000000 -0.736228 0.394344 -0.015558 0.000000
0.000000 -0.740414 0.396611 -0.017056 0.000000
0.000000 -0.747474 0.399937 -0.019538 0.000000
0.000000 -0.750773 0.401280 -0.020683 0.000000
0.000000 -0.756816 0.403395 -0.022761 0.000000
0.000000 -0.761439 0.404712 -0.024337 0.000000
0.000000 -0.768889 0.406281 -0.026858 0.000000
0.000000 -0.772512 0.406797 -0.028079 0.000000
0.000000 -0.779091 0.407315 -0.030290 0.000000
0.000000 -0.783697 0.407354 -0.031836 0.000000
0.000000 -0.792012 0.406739 -0.034626 0.000000
0.000000 -0.795274 0.406254 -0.035721 0.000000
0.000000 -0.801149 0.405025 -0.037697 0.000000
0.000000 -0.806706 0.403437 -0.039571 0.000000
0.000000 -0.812832 0.401194 -0.041644 0.000000
0.000000 -0.818083 0.398851 -0.043428 0.000000
0.000000 -0.824762 0.395289 -0.045708 0.000000
0.000000 -0.829262 0.392510 -0.047252 0.000000
0.000000 -0.837255 0.386783 -0.050011 0.000000
0.000000 -0.840422 0.384221 -0.051111 0.000000
0.000000 -0.846045 0.379239 -0.053073 0.000000
0.000000 -0.851053 0.374308 -0.054832 0.000000
0.000000 -0.856819 0.368009 -0.056873 0.000000
0.000000 -0.861201 0.362743 -0.058437 0.000000
0.000000 -0.867571 0.354265 -0.060731 0.000000
0.000000 -0.870813 0.349539 -0.061910 0.000000
0.000000 -0.876448 0.340579 -0.063980 0.000000
0.000000 -0.879723 0.334887 -0.065198 0.000000
0.000000 -0.885350 0.324138 -0.067318 0.000000
0.000000 -0.887952 0.318696 -0.068314 0.000000
0.000000 -0.892410 0.308546 -0.070045 0.000000
0.000000 -0.895287 0.301350 -0.071184 0.000000
0.000000 -0.900098 0.287909 -0.073137 0.000000
0.000000 -0.901878 0.282391 -0.073878 0.000000
0.000000 -0.904881 0.272235 -0.075158 0.000000
0.000000 -0.907416 0.262630 -0.076277 0.000000
0.000000 -0.910049 0.251314 -0.077487 0.000000
0.000000 -0.911958 0.241938 -0.078408 0.000000
0.000000 -0.914297 0.228469 -0.079609 0.000000
0.000000 -0.915475 0.220455 -0.080258 0.000000
0.000000 -0.917240 0.205798 -0.081326 0.000000
0.000000 -0.917966 0.198196 -0.081820 0.000000
0.000000 -0.918973 0.184357 -0.082619 0.000000
0.000000 -0.919412 0.175545 -0.083060 0.000000
0.000000 -0.919825 0.159544 -0.083729 0.000000
0.000000 -0.919857 0.152231 -0.083978 0.000000
0.000000 -0.919675 0.139016 -0.084338 0.000000
0.000000 -0.919340 0.128988 -0.084532 0.000000
0.000000 -0.918484 0.113227 -0.084699 0.000000
0.000000 -0.917927 0.105551 -0.084719 0.000000
0.000000 -0.916707 0.091778 -0.084650 0.000000
0.000000 -0.915726 0.082463 -0.084525 0.000000
0.000000 -0.913676 0.065837 -0.084144 0.000000
0.000000 -0.912756 0.059209 -0.083934 0.000000
0.000000 -0.910974 0.047386 -0.083473 0.000000
0.000000 -0.909230 0.036797 -0.082966 0.000000
0.000000 -0.907034 0.024478 -0.082257 0.000000
0.000000 -0.905240 0.015057 -0.081628 0.000000
0.000000 -0.902412 0.001108 -0.080550 0.000000
0.000000 -0.900891 -0.006034 -0.079928 0.000000
0.000000 -0.898088 -0.018660 -0.078710 0.000000
0.000000 -0.896341 -0.026247 -0.077902 0.000000
0.000000 -0.893159 -0.039618 -0.076333 0.000000
0.000000 -0.891637 -0.045848 -0.075537 0.000000
0.000000 -0.888893 -0.056857 -0.074026 0.000000
0.000000 -0.886960 -0.064476 -0.072899 0.000000
0.000000 -0.883606 -0.077489 -0.070817 0.000000
0.000000 -0.882247 -0.082706 -0.069924 0.000000
0.000000 -0.879827 -0.091941 -0.068260 0.000000
0.000000 -0.877719 -0.099949 -0.066728 0.000000
0.000000 -0.875186 -0.109557 -0.064777 0.000000
0.000000 -0.873375 -0.116446 -0.063299 0.000000
0.000000 -0.870471 -0.127563 -0.060770 0.000000
0.000000 -0.869206 -0.132455 -0.059598 0.000000
0.000000 -0.866999 -0.141094 -0.057437 0.000000
0.000000 -0.865373 -0.147580 -0.055735 0.000000
0.000000 -0.863001 -0.157295 -0.053047 0.000000
0.000000 -0.861866 -0.162088 -0.051658 0.000000
0.000000 -0.859942 -0.170511 -0.049107 0.000000
0.000000 -0.858791 -0.175789 -0.047433 0.000000
0.000000 -0.856908 -0.185008 -0.044358 0.000000
0.000000 -0.856161 -0.188947 -0.042980 0.000000
0.000000 -0.854954 -0.195852 -0.040464 0.000000
0.000000 -0.854128 -0.201167 -0.038433 0.000000
0.000000 -0.853152 -0.208611 -0.035430 0.000000
0.000000 -0.852733 -0.212589 -0.033743 0.000000
0.000000 -0.852211 -0.219473 -0.030663 0.000000
0.000000 -0.852055 -0.223156 -0.028923 0.000000
0.000000 -0.852030 -0.229487 -0.025750 0.000000
0.000000 -0.852160 -0.232813 -0.023978 0.000000
0.000000 -0.852661 -0.238487 -0.020750 0.000000
0.000000 -0.853094 -0.241486 -0.018918 0.000000
0.000000 -0.854154 -0.246537 -0.015585 0.000000
0.000000 -0.854886 -0.249104 -0.013743 0.000000
0.000000 -0.856478 -0.253358 -0.010392 0.000000
0.000000 -0.857539 -0.255559 -0.008466 0.000000
0.000000 -0.859732 -0.259102 -0.004966 0.000000
0.000000 -0.861052 -0.260765 -0.003076 0.000000
0.000000 -0.863678 -0.263333 0.000353 0.000000
0.000000 -0.865374 -0.264578 0.002391 0.000000
0.000000 -0.868689 -0.266291 0.006085 0.000000
0.000000 -0.870491 -0.266890 0.007966 0.000000
0.000000 -0.873931 -0.267491 0.011369 0.000000
0.000000 -0.876265 -0.267542 0.013564 0.000000
0.000000 -0.880687 -0.266945 0.017524 0.000000
0.000000 -0.882718 -0.266391 0.019272 0.000000
0.000000 -0.886479 -0.264932 0.022415 0.000000
0.000000 -0.889541 -0.263345 0.024899 0.000000
0.000000 -0.894112 -0.260325 0.028506 0.000000
0.000000 -0.896664 -0.258300 0.030478 0.000000
0.000000 -0.901291 -0.254001 0.033996 0.000000
0.000000 -0.903901 -0.251208 0.035953 0.000000
0.000000 -0.908571 -0.245503 0.039425 0.000000
0.000000 -0.911081 -0.242038 0.041281 0.000000
0.000000 -0.915514 -0.235163 0.044557 0.000000
0.000000 -0.917996 -0.230849 0.046397 0.000000
0.000000 -0.922311 -0.222430 0.049626 0.000000
0.000000 -0.924492 -0.217663 0.051281 0.000000
0.000000 -0.928227 -0.208532 0.054173 0.000000
0.000000 -0.930349 -0.202692 0.055861 0.000000
0.000000 -0.933887 -0.191588 0.058786 0.000000
0.000000 -0.935472 -0.185910 0.060157 0.000000
0.000000 -0.938073 -0.175286 0.062533 0.000000
0.000000 -0.939650 -0.167776 0.064081 0.000000
0.000000 -0.942078 -0.153734 0.066721 0.000000
0.000000 -0.942901 -0.147918 0.067729 0.000000
0.000000 -0.944157 -0.137219 0.069466 0.000000
0.000000 -0.945047 -0.127256 0.070958 0.000000
0.000000 -0.945788 -0.115276 0.072609 0.000000
0.000000 -0.946140 -0.105757 0.073817 0.000000
0.000000 -0.946306 -0.091241 0.075497 0.000000
0.000000 -0.946224 -0.083499 0.076319 0.000000
0.000000 -0.945795 -0.069407 0.077691 0.000000
0.000000 -0.945370 -0.060807 0.078453 0.000000
0.000000 -0.944305 -0.045195 0.079698 0.000000
0.000000 -0.943657 -0.037551 0.080245 0.000000
0.000000 -0.942291 -0.023722 0.081135 0.000000
0.000000 -0.941218 -0.014237 0.081672 0.000000
0.000000 -0.939023 0.002896 0.082497 0.000000
0.000000 -0.938057 0.009752 0.082776 0.000000
0.000000 -0.936199 0.022105 0.083205 0.000000
0.000000 -0.934363 0.033451 0.083516 0.000000
0.000000 -0.932094 0.046566 0.083779 0.000000
0.000000 -0.930160 0.057096 0.083916 0.000000
0.000000 -0.927241 0.072087 0.083996 0.000000
0.000000 -0.925491 0.080633 0.083982 0.000000
0.000000 -0.922198 0.095966 0.083848 0.000000
0.000000 -0.920380 0.104066 0.083720 0.000000
0.000000 -0.916989 0.118585 0.083394 0.000000
0.000000 -0.914898 0.127201 0.083140 0.000000
0.000000 -0.911014 0.142618 0.082574 0.000000
0.000000 -0.909033 0.150223 0.082241 0.000000
0.000000 -0.905385 0.163824 0.081555 0.000000
0.000000 -0.902919 0.172756 0.081042 0.000000
0.000000 -0.898389 0.188688 0.079997 0.000000
0.000000 -0.896453 0.195326 0.079512 0.000000
0.000000 -0.892933 0.207176 0.078571 0.000000
0.000000 -0.889907 0.217153 0.077703 0.000000
0.000000 -0.885933 0.230008 0.076475 0.000000
0.000000 -0.883291 0.238416 0.075604 0.000000
0.000000 -0.878536 0.253324 0.073918 0.000000
0.000000 -0.876547 0.259490 0.073166 0.000000
0.000000 -0.872987 0.270445 0.071745 0.000000
0.000000 -0.869986 0.279618 0.070469 0.000000
0.000000 -0.866121 0.291382 0.068709 0.000000
0.000000 -0.863622 0.298980 0.067495 0.000000
0.000000 -0.859232 0.312353 0.065196 0.000000
0.000000 -0.857418 0.317903 0.064178 0.000000
0.000000 -0.854237 0.327700 0.062282 0.000000
0.000000 -0.851659 0.335727 0.060629 0.000000
0.000000 -0.848354 0.346172 0.058330 0.000000
0.000000 -0.846352 0.352612 0.056822 0.000000
0.000000 -0.842947 0.363842 0.054013 0.000000
0.000000 -0.841500 0.368748 0.052706 0.000000
0.000000 -0.839041 0.377323 0.050295 0.000000
0.000000 -0.837289 0.383668 0.048397 0.000000
0.000000 -0.834833 0.393017 0.045398 0.000000
0.000000 -0.833699 0.397569 0.043840 0.000000
0.000000 -0.831856 0.405433 0.040977 0.000000
0.000000 -0.830812 0.410235 0.039107 0.000000
0.000000 -0.829211 0.418418 0.035668 0.000000
0.000000 -0.828617 0.421853 0.034114 0.000000
0.000000 -0.827733 0.427727 0.031276 0.000000
0.000000 -0.827208 0.432048 0.029016 0.000000
0.000000 -0.826707 0.438009 0.025597 0.000000
0.000000 -0.826580 0.440941 0.023755 0.000000
0.000000 -0.826596 0.445796 0.020402 0.000000
0.000000 -0.826757 0.448426 0.018384 0.000000
0.000000 -0.827332 0.452655 0.014715 0.000000
0.000000 -0.827755 0.454514 0.012873 0.000000
0.000000 -0.828743 0.457443 0.009538 0.000000
0.000000 -0.829552 0.459074 0.007327 0.000000
0.000000 -0.831318 0.461402 0.003331 0.000000
0.000000 -0.832183 0.462148 0.001637 0.000000
0.000000 -0.833909 0.463129 -0.001415 0.000000
0.000000 -0.835529 0.463591 -0.003987 0.000000
0.000000 -0.837896 0.463683 -0.007385 0.000000
0.000000 -0.839554 0.463424 -0.009572 0.000000
0.000000 -0.842778 0.462325 -0.013487 0.000000
0.000000 -0.844277 0.461588 -0.015187 0.000000
0.000000 -0.847106 0.459862 -0.018227 0.000000
0.000000 -0.849488 0.458106 -0.020644 0.000000
0.000000 -0.853066 0.455002 -0.024078 0.000000
0.000000 -0.855156 0.452949 -0.025992 0.000000
0.000000 -0.859033 0.448699 -0.029392 0.000000
0.000000 -0.861193 0.446090 -0.031214 0.000000
0.000000 -0.865154 0.440863 -0.034444 0.000000
0.000000 -0.867468 0.437545 -0.036273 0.000000
0.000000 -0.871672 0.431002 -0.039503 0.000000
0.000000 -0.873893 0.427271 -0.041168 0.000000
0.000000 -0.877887 0.420051 -0.044104 0.000000
0.000000 -0.880295 0.415365 -0.045843 0.000000
0.000000 -0.884581 0.406346 -0.048890 0.000000
0.000000 -0.886624 0.401713 -0.050326 0.000000
0.000000 -0.890231 0.392948 -0.052840 0.000000
0.000000 -0.892647 0.386616 -0.054514 0.000000
0.000000 -0.896839 0.374603 -0.057409 0.000000
0.000000 -0.898434 0.369641 -0.058510 0.000000
0.000000 -0.901206 0.360420 -0.060427 0.000000
0.000000 -0.903659 0.351527 -0.062130 0.000000
0.000000 -0.906294 0.341043 -0.063974 0.000000
0.000000 -0.908323 0.332171 -0.065408 0.000000
0.000000 -0.910927 0.319499 -0.067272 0.000000
0.000000 -0.912363 0.311738 -0.068316 0.000000
0.000000 -0.914712 0.297433 -0.070057 0.000000
0.000000 -0.915763 0.290200 -0.070853 0.000000
0.000000 -0.917464 0.276960 -0.072172 0.000000
0.000000 -0.918456 0.268027 -0.072964 0.000000
0.000000 -0.919968 0.251701 -0.074221 0.000000
0.000000 -0.920497 0.244791 -0.074680 0.000000
0.000000 -0.921298 0.232249 -0.075409 0.000000
0.000000 -0.921831 0.221409 -0.075930 0.000000
0.000000 -0.922316 0.207329 -0.076463 0.000000
0.000000 -0.922516 0.197801 -0.076732 0.000000
0.000000 -0.922630 0.180594 -0.077034 0.000000
0.000000 -0.922588 0.173558 -0.077090 0.000000
0.000000 -0.922387 0.160896 -0.077092 0.000000
0.000000 -0.922079 0.149693 -0.076989 0.000000
0.000000 -0.921542 0.135982 -0.076728 0.000000
0.000000 -0.921046 0.126074 -0.076447 0.000000
0.000000 -0.920027 0.109591 -0.075804 0.000000
0.000000 -0.919511 0.102438 -0.075456 0.000000
0.000000 -0.918485 0.089677 -0.074729 0.000000
0.000000 -0.917578 0.079572 -0.074055 0.000000
0.000000 -0.916160 0.065286 -0.072949 0.000000
0.000000 -0.915304 0.057314 -0.072251 0.000000
0.000000 -0.913681 0.043213 -0.070868 0.000000
0.000000 -0.912772 0.035760 -0.070058 0.000000
0.000000 -0.911090 0.022618 -0.068487 0.000000
0.000000 -0.910091 0.015126 -0.067507 0.000000
0.000000 -0.908278 0.001977 -0.065628 0.000000
0.000000 -0.907346 -0.004615 -0.064605 0.000000
0.000000 -0.905685 -0.016168 -0.062672 0.000000
0.000000 -0.904665 -0.023180 -0.061406 0.000000
0.000000 -0.902885 -0.035378 -0.059019 0.000000
0.000000 -0.902096 -0.040807 -0.057876 0.000000
0.000000 -0.900734 -0.050275 -0.055750 0.000000
0.000000 -0.899781 -0.057042 -0.054120 0.000000
0.000000 -0.898351 -0.067545 -0.051382 0.000000
0.000000 -0.897745 -0.072200 -0.050080 0.000000
0.000000 -0.896749 -0.080254 -0.047680 0.000000
0.000000 -0.896098 -0.085933 -0.045865 0.000000
0.000000 -0.895204 -0.094691 -0.042833 0.000000
0.000000 -0.894867 -0.098514 -0.041409 0.000000
0.000000 -0.894385 -0.105064 -0.038804 0.000000
0.000000 -0.894134 -0.109653 -0.036835 0.000000
0.000000 -0.893934 -0.116552 -0.033607 0.000000
0.000000 -0.893930 -0.119569 -0.032075 0.000000
0.000000 -0.894070 -0.124653 -0.029289 0.000000
0.000000 -0.894293 -0.128052 -0.027253 0.000000
0.000000 -0.894904 -0.133256 -0.023786 0.000000
0.000000 -0.895262 -0.135306 -0.022270 0.000000
0.000000 -0.896051 -0.138678 -0.019526 0.000000
0.000000 -0.896826 -0.141112 -0.017289 0.000000
0.000000 -0.898126 -0.144085 -0.014117 0.000000
0.000000 -0.898991 -0.145561 -0.012273 0.000000
0.000000 -0.900749 -0.147752 -0.008947 0.000000
0.000000 -0.901765 -0.148654 -0.007217 0.000000
0.000000 -0.903763 -0.149866 -0.004105 0.000000
0.000000 -0.905103 -0.150348 -0.002186 0.000000
0.000000 -0.907715 -0.150701 0.001259 0.000000
0.000000 -0.909029 -0.150636 0.002875 0.000000
0.000000 -0.911525 -0.150143 0.005772 0.000000
0.000000 -0.913417 -0.149488 0.007844 0.000000
0.000000 -0.916802 -0.147795 0.011336 0.000000
0.000000 -0.918318 -0.146840 0.012826 0.000000
0.000000 -0.921129 -0.144776 0.015489 0.000000
0.000000 -0.923506 -0.142746 0.017654 0.000000
0.000000 -0.926870 -0.139445 0.020607 0.000000
0.000000 -0.928930 -0.137180 0.022361 0.000000
0.000000 -0.932680 -0.132576 0.025468 0.000000
0.000000 -0.934526 -0.130075 0.026963 0.000000
0.000000 -0.937846 -0.125167 0.029608 0.000000
0.000000 -0.940079 -0.121554 0.031361 0.000000
0.000000 -0.944041 -0.114459 0.034435 0.000000
0.000000 -0.945620 -0.111364 0.035651 0.000000
0.000000 -0.948406 -0.105485 0.037792 0.000000
0.000000 -0.950830 -0.099886 0.039654 0.000000
0.000000 -0.953632 -0.092754 0.041816 0.000000
0.000000 -0.955656 -0.087090 0.043390 0.000000
0.000000 -0.958659 -0.077709 0.045759 0.000000
0.000000 -0.960036 -0.072934 0.046864 0.000000
0.000000 -0.962355 -0.064025 0.048768 0.000000
0.000000 -0.963809 -0.057750 0.049996 0.000000
0.000000 -0.966156 -0.046037 0.052067 0.000000
0.000000 -0.966999 -0.041183 0.052848 0.000000
0.000000 -0.968362 -0.032256 0.054176 0.000000
0.000000 -0.969422 -0.023970 0.055292 0.000000
0.000000 -0.970456 -0.013937 0.056504 0.000000
0.000000 -0.971085 -0.006065 0.057353 0.000000
0.000000 -0.971762 0.006195 0.058512 0.000000
0.000000 -0.971973 0.012507 0.059033 0.000000
0.000000 -0.972129 0.023990 0.059859 0.000000
0.000000 -0.972079 0.031390 0.060308 0.000000
0.000000 -0.971699 0.044809 0.060967 0.000000
0.000000 -0.971413 0.050815 0.061197 0.000000
0.000000 -0.970721 0.061653 0.061516 0.000000
0.000000 -0.970028 0.070129 0.061679 0.000000
0.000000 -0.968756 0.082766 0.061783 0.000000
0.000000 -0.967969 0.089476 0.061772 0.000000
0.000000 -0.966370 0.101507 0.061636 0.000000
0.000000 -0.965316 0.108616 0.061488 0.000000
0.000000 -0.963238 0.121320 0.061093 0.000000
0.000000 -0.962120 0.127613 0.060837 0.000000
0.000000 -0.959984 0.138837 0.060280 0.000000
0.000000 -0.958507 0.146108 0.059849 0.000000
0.000000 -0.955712 0.159018 0.058948 0.000000
0.000000 -0.954470 0.164463 0.058514 0.000000
0.000000 -0.952171 0.174144 0.057664 0.000000
0.000000 -0.950213 0.182047 0.056892 0.000000
0.000000 -0.947483 0.192622 0.055747 0.000000
0.000000 -0.945778 0.199006 0.054991 0.000000
0.000000 -0.942673 0.210260 0.053535 0.000000
0.000000 -0.941194 0.215477 0.052805 0.000000
0.000000 -0.938528 0.224680 0.051424 0.000000
0.000000 -0.936635 0.231082 0.050391 0.000000
0.000000 -0.933403 0.241801 0.048519 0.000000
0.000000 -0.932062 0.246184 0.047699 0.000000
0.000000 -0.929685 0.253888 0.046173 0.000000
0.000000 -0.927706 0.260252 0.044826 0.000000
0.000000 -0.925198 0.268282 0.043006 0.000000
0.000000 -0.923595 0.273409 0.041765 0.000000
0.000000 -0.920835 0.282274 0.039461 0.000000
0.000000 -0.919724 0.285869 0.038462 0.000000
0.000000 -0.917810 0.292120 0.036627 0.000000
0.000000 -0.916282 0.297185 0.035036 0.000000
0.000000 -0.914401 0.303553 0.032887 0.000000
0.000000 -0.913273 0.307467 0.031470 0.000000
0.000000 -0.911426 0.314108 0.028866 0.000000
0.000000 -0.910694 0.316846 0.027707 0.000000
0.000000 -0.909496 0.321515 0.025591 0.000000
0.000000 -0.908648 0.325019 0.023864 0.000000
0.000000 -0.907617 0.329640 0.021358 0.000000
0.000000 -0.907125 0.332069 0.019908 0.000000
0.000000 -0.906418 0.336056 0.017263 0.000000
0.000000 -0.906137 0.337975 0.015837 0.000000
0.000000 -0.905797 0.341061 0.013242 0.000000
0.000000 -0.905696 0.342667 0.011687 0.000000
0.000000 -0.905706 0.345128 0.008859 0.000000
0.000000 -0.905802 0.346151 0.007430 0.000000
0.000000 -0.906127 0.347635 0.004839 0.000000
0.000000 -0.906443 0.348352 0.003138 0.000000
0.000000 -0.907214 0.349141 0.000054 0.000000
0.000000 -0.907624 0.349279 -0.001278 0.000000
0.000000 -0.908476 0.349219 -0.003685 0.000000
0.000000 -0.909283 0.348871 -0.005669 0.000000
0.000000 -0.910550 0.347943 -0.008413 0.000000
0.000000 -0.911393 0.347132 -0.010065 0.000000
0.000000 -0.913055 0.345192 -0.013036 0.000000
0.000000 -0.913933 0.344016 -0.014487 0.000000
0.000000 -0.915610 0.341521 -0.017090 0.000000
0.000000 -0.916811 0.339558 -0.018842 0.000000
0.000000 -0.919096 0.335462 -0.021972 0.000000
0.000000 -0.920064 0.333594 -0.023232 0.000000
0.000000 -0.921859 0.329932 -0.025481 0.000000
0.000000 -0.923519 0.326322 -0.027475 0.000000
0.000000 -0.925573 0.321573 -0.029841 0.000000
0.000000 -0.927153 0.317704 -0.031597 0.000000
0.000000 -0.929704 0.311072 -0.034327 0.000000
0.000000 -0.930948 0.307661 -0.035616 0.000000
0.000000 -0.933207 0.301166 -0.037893 0.000000
0.000000 -0.934783 0.296401 -0.039437 0.000000
0.000000 -0.937628 0.287293 -0.042137 0.000000
0.000000 -0.938737 0.283562 -0.043161 0.000000
0.000000 -0.940727 0.276596 -0.044959 0.000000
0.000000 -0.942608 0.269678 -0.046616 0.000000
0.000000 -0.944651 0.261787 -0.048366 0.000000
0.000000 -0.946418 0.254618 -0.049839 0.000000
0.000000 -0.948588 0.245353 -0.051596 0.000000
0.000000 -0.950105 0.238551 -0.052790 0.000000
0.000000 -0.952662 0.226432 -0.054733 0.000000
0.000000 -0.953708 0.221219 -0.055501 0.000000
0.000000 -0.955551 0.211645 -0.056815 0.000000
0.000000 -0.957079 0.203293 -0.057863 0.000000
0.000000 -0.959002 0.192190 -0.059124 0.000000
0.000000 -0.960233 0.184699 -0.059893 0.000000
0.000000 -0.962356 0.170973 -0.061141 0.000000
0.000000 -0.963209 0.165136 -0.061610 0.000000
0.000000 -0.964685 0.154518 -0.062374 0.000000
0.000000 -0.965881 0.145360 -0.062943 0.000000
0.000000 -0.967352 0.133297 -0.063566 0.000000
0.000000 -0.968264 0.125275 -0.063902 0.000000
0.000000 -0.969784 0.110738 -0.064357 0.000000
0.000000 -0.970378 0.104573 -0.064490 0.000000
0.000000 -0.971371 0.093448 -0.064639 0.000000
0.000000 -0.972133 0.084030 -0.064675 0.000000
0.000000 -0.973028 0.071618 -0.064594 0.000000
0.000000 -0.973542 0.063552 -0.064463 0.000000
0.000000 -0.974329 0.049090 -0.064069 0.000000
0.000000 -0.974613 0.042882 -0.063837 0.000000
0.000000 -0.975041 0.031772 -0.063322 0.000000
0.000000 -0.975309 0.022773 -0.062811 0.000000
0.000000 -0.975565 0.010353 -0.061962 0.000000
0.000000 -0.975651 0.003093 -0.061385 0.000000
0.000000 -0.975685 -0.009791 -0.060207 0.000000
0.000000 -0.975646 -0.016168 -0.059547 0.000000
0.000000 -0.975482 -0.027457 -0.058248 0.000000
0.000000 -0.975313 -0.034639 -0.057330 0.000000
0.000000 -0.974892 -0.047262 -0.055527 0.000000
0.000000 -0.974664 -0.052612 -0.054686 0.000000
0.000000 -0.974189 -0.062028 -0.053085 0.000000
0.000000 -0.973747 -0.069450 -0.051705 0.000000
0.000000 -0.973045 -0.079549 -0.049644 0.000000
0.000000 -0.972595 -0.085264 -0.048375 0.000000
0.000000 -0.971721 -0.095164 -0.045979 0.000000
0.000000 -0.971246 -0.100029 -0.044699 0.000000
0.000000 -0.970351 -0.108431 -0.042308 0.000000
0.000000 -0.969765 -0.113492 -0.040742 0.000000
0.000000 -0.968680 -0.122111 -0.037820 0.000000
0.000000 -0.968180 -0.125803 -0.036455 0.000000
0.000000 -0.967275 -0.132102 -0.033936 0.000000
0.000000 -0.966588 -0.136581 -0.031974 0.000000
0.000000 -0.965527 -0.143053 -0.028824 0.000000
0.000000 -0.965019 -0.145978 -0.027249 0.000000
0.000000 -0.964129 -0.150830 -0.024365 0.000000
0.000000 -0.963552 -0.153806 -0.022383 0.000000
0.000000 -0.962575 -0.158533 -0.018759 0.000000
0.000000 -0.962203 -0.160221 -0.017267 0.000000
0.000000 -0.961578 -0.162916 -0.014558 0.000000
0.000000 -0.961069 -0.164954 -0.012111 0.000000
0.000000 -0.960527 -0.166931 -0.009144 0.000000
0.000000 -0.960173 -0.168078 -0.006895 0.000000
0.000000 -0.959715 -0.169282 -0.003336 0.000000
0.000000 -0.959539 -0.169599 -0.001605 0.000000
0.000000 -0.959301 -0.169731 0.001512 0.000000
0.000000 -0.959199 -0.169495 0.003639 0.000000
0.000000 -0.959140 -0.168406 0.007454 0.000000
0.000000 -0.959162 -0.167733 0.008968 0.000000
0.000000 -0.959267 -0.166182 0.011679 0.000000
0.000000 -0.959438 -0.164374 0.014150 0.000000
0.000000 -0.959724 -0.161814 0.016991 0.000000
0.000000 -0.960018 -0.159429 0.019227 0.000000
0.000000 -0.960547 -0.155409 0.022436 0.000000
0.000000 -0.960889 -0.152913 0.024183 0.000000
0.000000 -0.961590 -0.147931 0.027277 0.000000
0.000000 -0.962029 -0.144865 0.028983 0.000000
0.000000 -0.962894 -0.138860 0.031993 0.000000
0.000000 -0.963406 -0.135313 0.033606 0.000000
0.000000 -0.964385 -0.128474 0.036443 0.000000
0.000000 -0.964972 -0.124329 0.038015 0.000000
0.000000 -0.966072 -0.116414 0.040767 0.000000
0.000000 -0.966679 -0.111940 0.042198 0.000000
0.000000 -0.967793 -0.103486 0.044692 0.000000
0.000000 -0.968454 -0.098282 0.046109 0.000000
0.000000 -0.969644 -0.088492 0.048561 0.000000
0.000000 -0.970242 -0.083322 0.049756 0.000000
0.000000 -0.971295 -0.073691 0.051820 0.000000
0.000000 -0.971947 -0.067328 0.053077 0.000000
0.000000 -0.973063 -0.055481 0.055217 0.000000
0.000000 -0.973530 -0.050054 0.056116 0.000000
0.000000 -0.974317 -0.040058 0.057653 0.000000
0.000000 -0.974878 -0.032053 0.058777 0.000000
0.000000 -0.975614 -0.019804 0.060329 0.000000
0.000000 -0.975950 -0.013178 0.061089 0.000000
0.000000 -0.976452 -0.001040 0.062344 0.000000
0.000000 -0.976686 0.006340 0.063025 0.000000
0.000000 -0.976971 0.019827 0.064118 0.000000
0.000000 -0.977046 0.026580 0.064594 0.000000
0.000000 -0.977065 0.038860 0.065343 0.000000
0.000000 -0.976993 0.047111 0.065765 0.000000
0.000000 -0.976688 0.062087 0.066367 0.000000
0.000000 -0.976495 0.068358 0.066559 0.000000
0.000000 -0.976046 0.079687 0.066817 0.000000
0.000000 -0.975555 0.089483 0.066948 0.000000
0.000000 -0.974787 0.102056 0.066995 0.000000
0.000000 -0.974177 0.110582 0.066949 0.000000
0.000000 -0.972902 0.125892 0.066711 0.000000
0.000000 -0.972324 0.132053 0.066558 0.000000
0.000000 -0.971195 0.143097 0.066202 0.000000
0.000000 -0.970081 0.153006 0.065793 0.000000
0.000000 -0.968642 0.164701 0.065197 0.000000
0.000000 -0.967461 0.173578 0.064663 0.000000
0.000000 -0.965521 0.187061 0.063712 0.000000
0.000000 -0.964486 0.193797 0.063172 0.000000
0.000000 -0.962541 0.205758 0.062103 0.000000
0.000000 -0.961239 0.213319 0.061352 0.000000
0.000000 -0.958808 0.226668 0.059878 0.000000
0.000000 -0.957704 0.232441 0.059179 0.000000
0.000000 -0.955673 0.242643 0.057848 0.000000
0.000000 -0.954034 0.250534 0.056730 0.000000
0.000000 -0.951590 0.261802 0.054990 0.000000
0.000000 -0.950241 0.267789 0.053993 0.000000
0.000000 -0.947794 0.278268 0.052117 0.000000
0.000000 -0.946391 0.284078 0.050999 0.000000
0.000000 -0.943865 0.294196 0.048907 0.000000
0.000000 -0.942527 0.299391 0.047755 0.000000
0.000000 -0.940135 0.308412 0.045616 0.000000
0.000000 -0.938724 0.313577 0.044303 0.000000
0.000000 -0.936223 0.322474 0.041872 0.000000
0.000000 -0.934999 0.326709 0.040631 0.000000
0.000000 -0.932840 0.333995 0.038347 0.000000
0.000000 -0.931452 0.338555 0.036811 0.000000
0.000000 -0.929036 0.346272 0.033986 0.000000
0.000000 -0.928047 0.349347 0.032769 0.000000
0.000000 -0.926324 0.354589 0.030548 0.000000
0.000000 -0.924937 0.358702 0.028654 0.000000
0.000000 -0.923186 0.363751 0.026099 0.000000
0.000000 -0.922127 0.366725 0.024446 0.000000
0.000000 -0.920349 0.371570 0.021438 0.000000
0.000000 -0.919615 0.373510 0.020093 0.000000
0.000000 -0.918387 0.376674 0.017655 0.000000
0.000000 -0.917510 0.378859 0.015733 0.000000
0.000000 -0.916351 0.381628 0.012858 0.000000
0.000000 -0.915808 0.382866 0.011322 0.000000
0.000000 -0.914966 0.384684 0.008552 0.000000
0.000000 -0.914550 0.385512 0.006906 0.000000
0.000000 -0.913964 0.386533 0.003944 0.000000
0.000000 -0.913751 0.386818 0.002464 0.000000
0.000000 -0.913506 0.386954 -0.000192 0.000000
0.000000 -0.913443 0.386782 -0.001922 0.000000
0.000000 -0.913524 0.385956 -0.005016 0.000000
0.000000 -0.913636 0.385401 -0.006334 0.000000
0.000000 -0.913954 0.384098 -0.008688 0.000000
0.000000 -0.914329 0.382731 -0.010615 0.000000
0.000000 -0.915005 0.380440 -0.013222 0.000000
0.000000 -0.915510 0.378801 -0.014797 0.000000
0.000000 -0.916586 0.375402 -0.017589 0.000000
0.000000 -0.917175 0.373579 -0.018902 0.000000
0.000000 -0.918349 0.369974 -0.021229 0.000000
0.000000 -0.919260 0.367196 -0.022834 0.000000
0.000000 -0.921027 0.361804 -0.025604 0.000000
0.000000 -0.921792 0.359462 -0.026694 0.000000
0.000000 -0.923242 0.355001 -0.028618 0.000000
0.000000 -0.924634 0.350674 -0.030325 0.000000
0.000000 -0.926354 0.345257 -0.032278 0.000000
0.000000 -0.927751 0.340792 -0.033758 0.000000
0.000000 -0.929917 0.333732 -0.035896 0.000000
0.000000 -0.931096 0.329814 -0.036991 0.000000
0.000000 -0.933262 0.322457 -0.038893 0.000000
0.000000 -0.934582 0.317867 -0.039989 0.000000
0.000000 -0.936988 0.309272 -0.041876 0.000000
0.000000 -0.938184 0.304881 -0.042766 0.000000
0.000000 -0.940343 0.296734 -0.044296 0.000000
0.000000 -0.941785 0.291126 -0.045267 0.000000
0.000000 -0.944366 0.280712 -0.046905 0.000000
0.000000 -0.945425 0.276285 -0.047543 0.000000
0.000000 -0.947312 0.268158 -0.048628 0.000000
0.000000 -0.948926 0.260936 -0.049505 0.000000
0.000000 -0.950924 0.251603 -0.050525 0.000000
0.000000 -0.952276 0.245017 -0.051172 0.000000
0.000000 -0.954628 0.232942 -0.052213 0.000000
0.000000 -0.955514 0.228162 -0.052575 0.000000
0.000000 -0.957060 0.219471 -0.053163 0.000000
0.000000 -0.958468 0.211116 -0.053647 0.000000
0.000000 -0.959936 0.201870 -0.054093 0.000000
0.000000 -0.961155 0.193706 -0.054410 0.000000
0.000000 -0.962581 0.183464 -0.054709 0.000000
0.000000 -0.963532 0.176136 -0.054858 0.000000
0.000000 -0.965042 0.163455 -0.054987 0.000000
0.000000 -0.965624 0.158143 -0.054993 0.000000
0.000000 -0.966598 0.148581 -0.054935 0.000000
0.000000 -0.967354 0.140427 -0.054814 0.000000
0.000000 -0.968234 0.129855 -0.054560 0.000000
0.000000 -0.968754 0.122884 -0.054332 0.000000
0.000000 -0.969567 0.110425 -0.053802 0.000000
0.000000 -0.969861 0.105243 -0.053535 0.000000
0.000000 -0.970326 0.095989 -0.052988 0.000000
0.000000 -0.970658 0.088179 -0.052456 0.000000
0.000000 -0.971005 0.078148 -0.051673 0.000000
0.000000 -0.971186 0.071588 -0.051098 0.000000
0.000000 -0.971418 0.059989 -0.049955 0.000000
0.000000 -0.971482 0.055219 -0.049436 0.000000
0.000000 -0.971552 0.046772 -0.048441 0.000000
0.000000 -0.971569 0.039702 -0.047532 0.000000
0.000000 -0.971537 0.030758 -0.046274 0.000000
0.000000 -0.971486 0.024931 -0.045385 0.000000
0.000000 -0.971340 0.014755 -0.043689 0.000000
0.000000 -0.971262 0.010669 -0.042953 0.000000
0.000000 -0.971099 0.003506 -0.041579 0.000000
0.000000 -0.970938 -0.002515 -0.040333 0.000000
0.000000 -0.970713 -0.009847 -0.038693 0.000000
0.000000 -0.970547 -0.014735 -0.037516 0.000000
0.000000 -0.970233 -0.023118 -0.035319 0.000000
0.000000 -0.970108 -0.026238 -0.034436 0.000000
0.000000 -0.969882 -0.031638 -0.032812 0.000000
0.000000 -0.969670 -0.036509 -0.031229 0.000000
0.000000 -0.969445 -0.041553 -0.029450 0.000000
0.000000 -0.969258 -0.045699 -0.027863 0.000000
0.000000 -0.969041 -0.050537 -0.025836 0.000000
0.000000 -0.968903 -0.053720 -0.024377 0.000000
0.000000 -0.968698 -0.058787 -0.021792 0.000000
0.000000 -0.968629 -0.060692 -0.020714 0.000000
0.000000 -0.968532 -0.063858 -0.018753 0.000000
0.000000 -0.968476 -0.066345 -0.017020 0.000000
0.000000 -0.968451 -0.069084 -0.014831 0.000000
0.000000 -0.968466 -0.070767 -0.013275 0.000000
0.000000 -0.968560 -0.073212 -0.010532 0.000000
0.000000 -0.968625 -0.074023 -0.009411 0.000000
0.000000 -0.968782 -0.075216 -0.007389 0.000000
0.000000 -0.968969 -0.075989 -0.005586 0.000000
0.000000 -0.969255 -0.076562 -0.003392 0.000000
0.000000 -0.969510 -0.076728 -0.001772 0.000000
0.000000 -0.970002 -0.076530 0.000853 0.000000
0.000000 -0.970262 -0.076245 0.002058 0.000000
0.000000 -0.970781 -0.075427 0.004214 0.000000
0.000000 -0.971206 -0.074570 0.005798 0.000000
0.000000 -0.971968 -0.072728 0.008345 0.000000
0.000000 -0.972349 -0.071690 0.009510 0.000000
0.000000 -0.973076 -0.069527 0.011585 0.000000
0.000000 -0.973643 -0.067696 0.013091 0.000000
0.000000 -0.974626 -0.064261 0.015520 0.000000
0.000000 -0.975091 -0.062528 0.016603 0.000000
0.000000 -0.975952 -0.059139 0.018521 0.000000
0.000000 -0.976620 -0.056347 0.019943 0.000000
0.000000 -0.977692 -0.051575 0.022121 0.000000
0.000000 -0.978220 -0.049085 0.023156 0.000000
0.000000 -0.979174 -0.044335 0.024971 0.000000
0.000000 -0.979822 -0.040906 0.026173 0.000000
0.000000 -0.980974 -0.034355 0.028257 0.000000
0.000000 -0.981428 -0.031595 0.029064 0.000000
0.000000 -0.982228 -0.026442 0.030471 0.000000
0.000000 -0.982934 -0.021540 0.031704 0.000000
0.000000 -0.983723 -0.015575 0.033081 0.000000
0.000000 -0.984315 -0.010699 0.034116 0.000000
0.000000 -0.985125 -0.003278 0.035553 0.000000
0.000000 -0.985533 0.000885 0.036291 0.000000
0.000000 -0.986204 0.008579 0.037541 0.000000
0.000000 -0.986547 0.013095 0.038209 0.000000
0.000000 -0.987086 0.021410 0.039323 0.000000
0.000000 -0.987327 0.025899 0.039865 0.000000
0.000000 -0.987682 0.034121 0.040757 0.000000
0.000000 -0.987843 0.039125 0.041238 0.000000
0.000000 -0.988033 0.048262 0.042004 0.000000
0.000000 -0.988079 0.052822 0.042334 0.000000
0.000000 -0.988079 0.061107 0.042845 0.000000
0.000000 -0.988019 0.066692 0.043129 0.000000
0.000000 -0.987791 0.076814 0.043520 0.000000
0.000000 -0.987652 0.081020 0.043637 0.000000
0.000000 -0.987335 0.088607 0.043781 0.000000
0.000000 -0.986990 0.095228 0.043838 0.000000
0.000000 -0.986468 0.103545 0.043817 0.000000
0.000000 -0.986043 0.109373 0.043741 0.000000
0.000000 -0.985183 0.119593 0.043487 0.000000
0.000000 -0.984797 0.123696 0.043342 0.000000
0.000000 -0.984048 0.131036 0.043017 0.000000
